날짜,시가,고가,저가,종가,거래량,등락률
2015-01-02,24800,24950,24650,24800,63883,-0.998003992015968
2015-01-05,24800,24800,24250,24650,66735,-0.6048387096774194
2015-01-06,24350,24600,23900,23950,112508,-2.839756592292089
2015-01-07,24050,24200,23800,24000,49708,0.20876826722338201
2015-01-08,24000,24150,23750,23750,97544,-1.0416666666666665
2015-01-09,23900,24200,23850,24050,125633,1.263157894736842
2015-01-12,24050,24400,24050,24250,48860,0.8316008316008316
2015-01-13,24200,24350,24100,24350,68849,0.4123711340206186
2015-01-14,24200,24350,23850,23900,153474,-1.8480492813141685
2015-01-15,23750,23850,23400,23500,188859,-1.6736401673640167
2015-01-16,23750,23750,23250,23500,81928,0.0
2015-01-19,23650,24600,23650,24500,183256,4.25531914893617
2015-01-20,24550,24550,24100,24450,59790,-0.20408163265306123
2015-01-21,24600,24600,24000,24200,79205,-1.0224948875255624
2015-01-22,24400,25100,24250,24800,204194,2.479338842975207
2015-01-23,25200,25300,24250,24500,230023,-1.2096774193548387
2015-01-26,24350,24350,24000,24150,78469,-1.4285714285714286
2015-01-27,24000,24450,23900,24350,152469,0.8281573498964804
2015-01-28,24200,24450,24100,24400,123896,0.20533880903490762
2015-01-29,24250,24550,23950,24450,174546,0.20491803278688525
2015-01-30,24500,24550,22650,22750,668405,-6.952965235173824
2015-02-02,22950,23500,22750,22850,264362,0.43956043956043955
2015-02-03,23000,23050,22400,22500,323829,-1.5317286652078774
2015-02-04,22900,23300,22850,23100,331662,2.666666666666667
2015-02-05,23250,23400,22850,22850,148034,-1.0822510822510822
2015-02-06,23000,23200,22750,22800,117765,-0.2188183807439825
2015-02-09,22900,22950,22650,22750,112437,-0.21929824561403508
2015-02-10,22750,23150,22700,22950,140903,0.8791208791208791
2015-02-11,23000,23100,22800,22950,125225,0.0
2015-02-12,22850,23050,22550,22550,181981,-1.7429193899782136
2015-02-13,22700,22900,22550,22700,101915,0.6651884700665188
2015-02-16,22750,23300,22750,23000,151419,1.3215859030837005
2015-02-17,23100,23250,22800,22950,155072,-0.21739130434782608
2015-02-23,23150,23400,23100,23350,158947,1.7429193899782136
2015-02-24,23300,23650,23200,23400,143065,0.21413276231263384
2015-02-25,23750,24700,23600,24700,518402,5.555555555555555
2015-02-26,24700,25900,24300,25850,636409,4.65587044534413
2015-02-27,25450,25900,25400,25650,304502,-0.7736943907156674
2015-03-02,25600,26100,25250,25550,310819,-0.3898635477582846
2015-03-03,25400,26000,25200,25800,354299,0.9784735812133072
2015-03-04,25500,25850,25500,25550,123596,-0.9689922480620154
2015-03-05,25450,25850,25350,25800,180137,0.9784735812133072
2015-03-06,25650,26150,25550,25850,234578,0.1937984496124031
2015-03-09,25650,25750,24800,25000,356360,-3.2882011605415857
2015-03-10,25000,25250,24400,24500,358741,-2.0
2015-03-11,24300,24650,24200,24350,220054,-0.6122448979591837
2015-03-12,24350,24550,24200,24350,188023,0.0
2015-03-13,24600,24900,24450,24700,120293,1.4373716632443532
2015-03-16,24650,24700,24200,24300,153104,-1.6194331983805668
2015-03-17,24400,24750,24250,24550,216217,1.02880658436214
2015-03-18,24550,24550,24100,24200,287974,-1.4256619144602851
2015-03-19,24500,24850,24350,24550,246420,1.4462809917355373
2015-03-20,24550,25200,24550,25200,261490,2.6476578411405294
2015-03-23,25400,25750,25000,25050,220200,-0.5952380952380952
2015-03-24,25400,25550,25050,25100,208508,0.19960079840319359
2015-03-25,25100,25400,24950,25050,188834,-0.199203187250996
2015-03-26,24850,24950,24450,24700,259909,-1.3972055888223553
2015-03-27,24700,24900,24500,24650,123345,-0.20242914979757085
2015-03-30,24750,24750,24450,24500,145326,-0.6085192697768762
2015-03-31,24600,24750,24500,24700,192068,0.8163265306122449
2015-04-01,24700,25300,24550,25300,215972,2.42914979757085
2015-04-02,25300,26550,25150,26350,575933,4.150197628458498
2015-04-03,26700,26750,26250,26500,389216,0.5692599620493358
2015-04-06,26100,26650,26000,26650,331501,0.5660377358490566
2015-04-07,26700,27000,25850,26050,394975,-2.25140712945591
2015-04-08,26000,26500,25900,26250,251840,0.7677543186180422
2015-04-09,26200,26450,25450,25550,363917,-2.666666666666667
2015-04-10,25650,26450,25300,26200,292269,2.5440313111545985
2015-04-13,26150,26600,26000,26100,237560,-0.38167938931297707
2015-04-14,26000,26150,25600,25950,339467,-0.5747126436781609
2015-04-15,25900,26200,25600,25700,255868,-0.9633911368015413
2015-04-16,25700,26300,25650,26200,206820,1.9455252918287937
2015-04-17,26400,27500,26250,27200,665415,3.816793893129771
2015-04-20,27050,27900,26950,27750,471773,2.0220588235294117
2015-04-21,27800,28300,27750,28100,492836,1.2612612612612613
2015-04-22,28250,28400,27500,27900,314347,-0.7117437722419928
2015-04-23,27850,28550,27500,28100,360342,0.7168458781362007
2015-04-24,28000,28250,27350,27550,216990,-1.9572953736654803
2015-04-27,27600,28400,27300,28400,253614,3.0852994555353903
2015-04-28,27450,28100,27300,27600,504313,-2.8169014084507045
2015-04-29,27700,28900,27700,28600,389538,3.6231884057971016
2015-04-30,28600,29100,28200,28950,357700,1.2237762237762237
2015-05-04,29250,29300,28400,28650,174735,-1.0362694300518136
2015-05-06,28650,28700,27800,28650,294858,0.0
2015-05-07,29000,29300,28450,29250,352844,2.094240837696335
2015-05-08,29300,29600,29050,29500,218002,0.8547008547008548
2015-05-11,29350,29700,29100,29400,240494,-0.3389830508474576
2015-05-12,29400,30000,29200,29900,308719,1.7006802721088436
2015-05-13,29700,30000,29600,29900,181316,0.0
2015-05-14,29550,30000,29400,29450,187950,-1.5050167224080269
2015-05-15,29450,29850,28700,29000,261117,-1.5280135823429541
2015-05-18,29000,29350,28750,29100,177838,0.3448275862068966
2015-05-19,29300,29300,28500,28550,317651,-1.8900343642611683
2015-05-20,28550,30400,28450,30100,895705,5.42907180385289
2015-05-21,30500,32150,30500,31400,840380,4.318936877076411
2015-05-22,31350,32250,31200,31750,392194,1.1146496815286624
2015-05-26,31700,31800,31200,31350,201725,-1.2598425196850394
2015-05-27,31100,31300,29750,30200,253631,-3.6682615629984054
2015-05-28,30300,30800,29700,30350,241176,0.49668874172185434
2015-05-29,30350,31250,30050,31250,230395,2.9654036243822075
2015-06-01,30900,30950,29850,30200,210768,-3.36
2015-06-02,29800,30400,28900,29550,311163,-2.152317880794702
2015-06-03,29150,30000,28750,28950,223157,-2.030456852791878
2015-06-04,28850,29250,28200,28550,239557,-1.381692573402418
2015-06-05,28500,28700,27600,28000,259746,-1.926444833625219
2015-06-08,28050,28600,27650,28250,211383,0.8928571428571428
2015-06-09,28000,29350,27950,29300,231234,3.7168141592920354
2015-06-10,29400,29600,28450,28800,186723,-1.7064846416382253
2015-06-11,29150,29150,28300,28300,155511,-1.7361111111111112
2015-06-12,28550,28900,28000,28250,168640,-0.17667844522968199
2015-06-15,29500,29550,28250,28600,302299,1.238938053097345
2015-06-16,28350,28750,26600,26600,416833,-6.993006993006993
2015-06-17,26600,27000,26100,26700,242971,0.37593984962406013
2015-06-18,26850,26900,26300,26400,197548,-1.1235955056179776
2015-06-19,26750,27300,26400,27050,164753,2.462121212121212
2015-06-22,27050,27150,26550,26850,137508,-0.7393715341959335
2015-06-23,26850,27000,26700,27000,102913,0.5586592178770949
2015-06-24,27200,27650,26800,27050,174523,0.1851851851851852
2015-06-25,26650,27100,26450,26950,212815,-0.36968576709796674
2015-06-26,26700,26900,26350,26700,124370,-0.927643784786642
2015-06-29,25850,26250,25700,25950,205502,-2.8089887640449436
2015-06-30,25550,26000,25450,26000,179097,0.1926782273603083
2015-07-01,26450,26500,26050,26350,127641,1.3461538461538463
2015-07-02,26650,26650,26050,26300,160358,-0.18975332068311196
2015-07-03,27300,27750,27000,27650,439983,5.133079847908745
2015-07-06,27300,27500,26400,26450,272574,-4.3399638336347195
2015-07-07,26600,26750,25850,26300,188949,-0.5671077504725899
2015-07-08,26200,26300,25700,26050,178966,-0.9505703422053232
2015-07-09,26050,26450,25600,26450,201721,1.5355086372360844
2015-07-10,26500,26750,26250,26350,121297,-0.3780718336483932
2015-07-13,26450,26850,26200,26800,102370,1.7077798861480076
2015-07-14,26850,27200,26700,26850,108262,0.18656716417910446
2015-07-15,27050,27400,26850,27200,136326,1.303538175046555
2015-07-16,27300,27450,26950,27100,82762,-0.3676470588235294
2015-07-17,27200,27350,26800,27000,104973,-0.36900369003690037
2015-07-20,27000,27400,26750,27200,91273,0.7407407407407408
2015-07-21,27250,27750,27050,27300,134722,0.3676470588235294
2015-07-22,27100,27300,26950,27150,84850,-0.5494505494505495
2015-07-23,27150,27150,26150,26400,172271,-2.7624309392265194
2015-07-24,26300,26350,25550,26100,190618,-1.1363636363636365
2015-07-27,25700,25900,25350,25700,120435,-1.532567049808429
2015-07-28,25350,25650,25300,25350,137718,-1.3618677042801557
2015-07-29,26400,26500,25450,25550,262892,0.7889546351084813
2015-07-30,25700,26100,25600,25800,144262,0.9784735812133072
2015-07-31,26050,26350,25500,26300,159387,1.937984496124031
2015-08-03,26250,26600,26150,26400,142432,0.38022813688212925
2015-08-04,26500,27050,26200,27000,207324,2.272727272727273
2015-08-05,26950,27300,26800,26850,103738,-0.5555555555555556
2015-08-06,26800,27300,26800,26950,88774,0.37243947858473
2015-08-07,26850,26900,26200,26350,119630,-2.2263450834879404
2015-08-10,26200,26200,25400,25500,159372,-3.225806451612903
2015-08-11,25650,26400,25650,26150,147745,2.549019607843137
2015-08-12,26150,26200,25700,25950,104639,-0.7648183556405354
2015-08-13,26000,26100,25750,26050,73131,0.3853564547206166
2015-08-17,26000,26100,25750,25900,59424,-0.5758157389635317
2015-08-18,25800,25950,25600,25750,60447,-0.5791505791505791
2015-08-19,25550,25600,24500,25200,152605,-2.1359223300970873
2015-08-20,24800,25200,24150,24200,128007,-3.968253968253968
2015-08-21,24650,25250,23500,23600,575796,-2.479338842975207
2015-08-24,23050,23850,22900,23250,159213,-1.4830508474576272
2015-08-25,23350,23400,22650,23000,266983,-1.0752688172043012
2015-08-26,23050,24450,22850,24450,241734,6.304347826086956
2015-08-27,24550,24550,23700,23850,129745,-2.4539877300613497
2015-08-28,24450,24950,24050,24650,151242,3.3542976939203357
2015-08-31,24300,24800,24100,24550,111689,-0.4056795131845842
2015-09-01,24500,24550,24150,24150,46049,-1.6293279022403258
2015-09-02,23850,24000,23400,23950,68947,-0.8281573498964804
2015-09-03,24050,24150,23850,23950,52176,0.0
2015-09-04,24100,24300,23750,23950,76682,0.0
2015-09-07,23700,24150,23450,23950,42557,0.0
2015-09-08,23850,24000,23500,23600,50106,-1.4613778705636742
2015-09-09,24100,25600,23950,25500,162549,8.050847457627118
2015-09-10,24950,25350,24600,25350,130283,-0.5882352941176471
2015-09-11,24900,25750,24850,25650,89862,1.183431952662722
2015-09-14,25600,25700,25250,25550,101543,-0.3898635477582846
2015-09-15,25350,26000,25200,25800,81595,0.9784735812133072
2015-09-16,26100,26350,25650,26150,107432,1.3565891472868217
2015-09-17,26450,28050,26200,27750,619602,6.118546845124283
2015-09-18,27600,27650,26400,26800,418783,-3.423423423423423
2015-09-21,26750,26750,25600,25650,217150,-4.291044776119403
2015-09-22,25700,26350,25650,26100,169798,1.7543859649122806
2015-09-23,25650,25650,24750,25000,369633,-4.21455938697318
2015-09-24,25100,25100,24800,24950,73089,-0.2
2015-09-25,25100,25250,24550,25250,69789,1.2024048096192386
2015-09-30,24750,25200,24500,25100,71435,-0.594059405940594
2015-10-01,25400,26000,25200,25800,131195,2.788844621513944
2015-10-02,25800,26000,25150,25350,123709,-1.744186046511628
2015-10-05,25350,25400,25050,25200,111190,-0.591715976331361
2015-10-06,25400,26050,25400,25700,140373,1.984126984126984
2015-10-07,25900,26050,25450,25550,114046,-0.5836575875486382
2015-10-08,25650,26950,25650,26400,418530,3.326810176125244
2015-10-12,27000,28000,27000,27900,603803,5.681818181818182
2015-10-13,27850,27850,26800,27150,216250,-2.6881720430107525
2015-10-14,26900,27400,26450,27200,120376,0.1841620626151013
2015-10-15,27300,27600,27050,27400,106401,0.7352941176470588
2015-10-16,27400,27450,26900,27100,91193,-1.094890510948905
2015-10-19,27000,27500,26700,26900,120296,-0.7380073800738007
2015-10-20,26650,26850,26300,26650,140736,-0.929368029739777
2015-10-21,26650,27150,26450,26950,101221,1.125703564727955
2015-10-22,26750,26950,26450,26550,58858,-1.4842300556586272
2015-10-23,26750,27300,26750,27000,68271,1.694915254237288
2015-10-26,27300,27700,26650,27300,149842,1.1111111111111112
2015-10-27,27450,27450,27050,27150,86981,-0.5494505494505495
2015-10-28,27400,27400,26650,27200,75996,0.1841620626151013
2015-10-29,26750,26750,26300,26550,167936,-2.389705882352941
2015-10-30,26500,26500,25650,25750,132202,-3.0131826741996233
2015-11-02,25700,25700,25350,25350,99331,-1.5533980582524272
2015-11-03,25700,26200,25550,26150,122202,3.155818540433925
2015-11-04,26200,26200,25750,25950,48761,-0.7648183556405354
2015-11-05,25850,25850,25250,25700,92724,-0.9633911368015413
2015-11-06,25550,25650,25100,25150,144639,-2.140077821011673
2015-11-09,25150,25150,24800,24850,88829,-1.1928429423459244
2015-11-10,24800,24900,24500,24550,102747,-1.2072434607645874
2015-11-11,24500,24850,24250,24650,56888,0.40733197556008144
2015-11-12,24550,25150,24250,25100,89323,1.8255578093306288
2015-11-13,24800,25050,24600,25000,63697,-0.398406374501992
2015-11-16,24700,24700,24350,24500,89467,-2.0
2015-11-17,24600,25350,24600,25350,90503,3.4693877551020407
2015-11-18,25250,25550,25050,25350,118061,0.0
2015-11-19,25400,25650,25300,25400,73441,0.19723865877712032
2015-11-20,25300,25800,25250,25700,114719,1.1811023622047243
2015-11-23,25700,25750,25300,25500,48752,-0.7782101167315175
2015-11-24,25400,25650,25200,25350,37331,-0.5882352941176471
2015-11-25,25250,26350,25250,26300,230956,3.7475345167652856
2015-11-26,26400,26500,26000,26400,65787,0.38022813688212925
2015-11-27,26400,26550,25950,26550,85955,0.5681818181818182
2015-11-30,26300,26500,25950,26150,93354,-1.5065913370998116
2015-12-01,26350,27050,26300,26850,167186,2.676864244741874
2015-12-02,26750,27000,26450,26450,83619,-1.48975791433892
2015-12-03,26350,27150,26150,26850,186116,1.5122873345935728
2015-12-04,26550,26750,26100,26450,82108,-1.48975791433892
2015-12-07,26650,26900,26150,26450,94558,0.0
2015-12-08,26200,26500,25500,25900,112960,-2.0793950850661624
2015-12-09,25600,26150,25300,26100,84561,0.7722007722007722
2015-12-10,26150,26400,25950,26300,85333,0.7662835249042145
2015-12-11,26350,26700,26350,26600,75259,1.1406844106463878
2015-12-14,26600,26850,26100,26350,84229,-0.9398496240601504
2015-12-15,26500,26750,26300,26550,68165,0.7590132827324478
2015-12-16,26550,27800,26550,27700,333952,4.3314500941619585
2015-12-17,27950,27950,27350,27750,179326,0.18050541516245489
2015-12-18,27500,27900,27300,27650,104725,-0.36036036036036034
2015-12-21,27700,27850,27600,27650,73652,0.0
2015-12-22,27650,27950,27450,27950,146181,1.0849909584086799
2015-12-23,27950,29050,27600,28300,313861,1.2522361359570662
2015-12-24,28600,28900,28200,28400,235821,0.35335689045936397
2015-12-28,28150,28350,27750,27750,94692,-2.2887323943661975
2015-12-29,27750,27900,27250,27500,61915,-0.9009009009009009
2015-12-30,27550,27950,27300,27550,95027,0.18181818181818182
2016-01-04,27050,27550,26450,26600,122886,-3.4482758620689653
2016-01-05,26550,27150,26500,27000,92131,1.5037593984962405
2016-01-06,26900,27350,26600,26850,119356,-0.5555555555555556
2016-01-07,26800,26900,25700,25900,190322,-3.5381750465549344
2016-01-08,25600,26250,24850,26100,160811,0.7722007722007722
2016-01-11,25800,25800,25250,25450,113939,-2.490421455938697
2016-01-12,25150,25450,24800,25000,138199,-1.768172888015717
2016-01-13,24900,25450,24900,25000,85056,0.0
2016-01-14,24850,24950,24550,24950,93283,-0.2
2016-01-15,25100,25250,24550,24750,106946,-0.8016032064128256
2016-01-18,24700,24950,24350,24850,65694,0.40404040404040403
2016-01-19,24900,24900,23500,23700,214799,-4.627766599597585
2016-01-20,23800,23850,22500,22800,264782,-3.79746835443038
2016-01-21,22850,23100,22500,23000,146915,0.8771929824561403
2016-01-22,23100,23750,23100,23650,149390,2.8260869565217392
2016-01-25,23850,24200,23400,23550,151659,-0.42283298097251587
2016-01-26,23500,23500,22650,22900,174132,-2.7600849256900215
2016-01-27,23100,23950,23100,23850,180484,4.148471615720524
2016-01-28,23800,24000,23400,23850,109353,0.0
2016-01-29,24100,24300,23850,24200,141573,1.4675052410901468
2016-02-01,24750,25800,24500,25650,384484,5.991735537190083
2016-02-02,25400,25900,25000,25500,140045,-0.5847953216374269
2016-02-03,25050,25750,24700,25500,100354,0.0
2016-02-04,25900,26150,25500,26100,162047,2.3529411764705883
2016-02-05,26100,26350,25600,25750,127293,-1.3409961685823755
2016-02-11,25050,25450,24650,24650,165267,-4.271844660194175
2016-02-12,24650,25250,24100,24650,175939,0.0
2016-02-15,25000,26050,24950,25450,200588,3.2454361054766734
2016-02-16,25550,25800,25100,25400,158600,-0.19646365422396855
2016-02-17,25500,26000,25200,25550,153911,0.5905511811023622
2016-02-18,25650,26050,25650,26000,97132,1.761252446183953
2016-02-19,25900,26500,25900,26350,144514,1.3461538461538463
2016-02-22,26500,26800,26000,26300,147494,-0.18975332068311196
2016-02-23,26600,27050,26350,27050,184460,2.8517110266159698
2016-02-24,26500,27150,26450,26950,92143,-0.36968576709796674
2016-02-25,27300,28000,27300,27700,251795,2.782931354359926
2016-02-26,27700,27700,26800,26950,152694,-2.707581227436823
2016-02-29,27050,27950,27050,27950,223117,3.710575139146568
2016-03-02,28100,28450,28050,28350,192453,1.4311270125223614
2016-03-03,28500,28600,28100,28400,246628,0.1763668430335097
2016-03-04,28400,28850,28250,28800,214580,1.4084507042253522
2016-03-07,29000,29300,28550,28600,137121,-0.6944444444444444
2016-03-08,28900,29100,28300,28950,132093,1.2237762237762237
2016-03-09,28850,28850,27400,28150,377377,-2.763385146804836
2016-03-10,28450,29000,28000,28900,212236,2.664298401420959
2016-03-11,28800,29200,28250,28950,138105,0.17301038062283738
2016-03-14,29100,29150,28400,28550,90013,-1.381692573402418
2016-03-15,28600,28850,28000,28650,180308,0.3502626970227671
2016-03-16,28700,28700,28250,28400,109030,-0.8726003490401396
2016-03-17,28500,29000,28500,28950,187104,1.936619718309859
2016-03-18,29400,30200,29400,29850,418167,3.1088082901554404
2016-03-21,30000,30050,29000,29000,159173,-2.8475711892797317
2016-03-22,29300,29550,28900,29500,114635,1.7241379310344827
2016-03-23,29500,29900,29300,29800,105650,1.0169491525423728
2016-03-24,29700,29700,29200,29250,98657,-1.8456375838926176
2016-03-25,28950,29450,28950,29150,47276,-0.3418803418803419
2016-03-28,29150,29400,28900,29300,59938,0.5145797598627788
2016-03-29,29400,29450,28950,29150,59952,-0.5119453924914675
2016-03-30,29250,29700,29150,29700,148134,1.8867924528301887
2016-03-31,29850,29950,29150,29650,125616,-0.16835016835016833
2016-04-01,29700,29750,28750,28750,165713,-3.0354131534569984
2016-04-04,28900,29200,28450,28900,125645,0.5217391304347827
2016-04-05,28900,29550,28850,29400,139036,1.7301038062283738
2016-04-06,29100,30650,29100,30450,286045,3.571428571428571
2016-04-07,30450,30650,30000,30100,144939,-1.1494252873563218
2016-04-08,29800,30500,29800,30350,136855,0.8305647840531563
2016-04-11,30350,30800,30150,30750,121328,1.3179571663920924
2016-04-12,30550,30750,29900,30350,102398,-1.3008130081300813
2016-04-14,30500,31350,30450,30750,246092,1.3179571663920924
2016-04-15,30750,31000,30300,30850,141551,0.3252032520325203
2016-04-18,30300,31000,30250,30800,144936,-0.1620745542949757
2016-04-19,31000,31500,30950,31300,166469,1.6233766233766231
2016-04-20,31450,31500,31100,31250,116004,-0.1597444089456869
2016-04-21,31500,31650,31250,31550,124428,0.96
2016-04-22,31500,31550,30650,30750,127674,-2.535657686212361
2016-04-25,30800,30950,30350,30700,71760,-0.16260162601626016
2016-04-26,30900,30950,30300,30700,107515,0.0
2016-04-27,30600,31250,30450,30900,120847,0.6514657980456027
2016-04-28,32250,32350,31000,31400,415001,1.6181229773462782
2016-04-29,31300,32350,31000,31850,238927,1.4331210191082804
2016-05-02,31950,32200,31350,31800,121766,-0.15698587127158556
2016-05-03,31950,32200,31800,32000,129214,0.628930817610063
2016-05-04,32000,32100,31100,31150,193224,-2.65625
2016-05-09,31150,31800,31100,31500,216567,1.1235955056179776
2016-05-10,31500,31700,29900,30050,347401,-4.603174603174604
2016-05-11,30300,30700,29950,30550,126516,1.6638935108153077
2016-05-12,30500,30650,30100,30400,60786,-0.4909983633387889
2016-05-13,30600,30800,30400,30700,98291,0.9868421052631579
2016-05-16,30500,30500,29400,29950,140675,-2.44299674267101
2016-05-17,30250,30450,29400,30300,95444,1.1686143572621035
2016-05-18,30100,30700,30100,30250,110222,-0.16501650165016502
2016-05-19,30200,30650,29850,30150,112550,-0.3305785123966942
2016-05-20,30000,30050,28850,29200,158413,-3.150912106135987
2016-05-23,29250,29750,28950,29150,83959,-0.17123287671232876
2016-05-24,29200,30100,29150,29750,139459,2.0583190394511153
2016-05-25,30100,30250,29650,30000,111564,0.8403361344537815
2016-05-26,30100,30500,29800,30250,85942,0.8333333333333334
2016-05-27,30250,31050,30250,30850,178240,1.9834710743801653
2016-05-30,31500,31800,29800,29950,241110,-2.9173419773095626
2016-05-31,29950,30150,29150,29850,150446,-0.333889816360601
2016-06-01,29850,30200,29150,29400,130939,-1.507537688442211
2016-06-02,29400,29750,29250,29350,89135,-0.17006802721088435
2016-06-03,29300,29600,28700,28950,124966,-1.362862010221465
2016-06-07,29100,30000,29100,29900,157250,3.281519861830743
2016-06-08,29900,30250,29100,30200,139230,1.0033444816053512
2016-06-09,30150,30300,29500,29500,134976,-2.3178807947019866
2016-06-10,29500,30350,29450,30100,114389,2.0338983050847457
2016-06-13,29800,30350,29150,30100,113484,0.0
2016-06-14,30100,30100,28500,29050,242406,-3.488372093023256
2016-06-15,28650,29400,28600,29300,79128,0.8605851979345954
2016-06-16,29350,29900,28850,28950,77549,-1.1945392491467577
2016-06-17,29850,29850,28500,28650,131634,-1.0362694300518136
2016-06-20,29000,29450,28850,29250,64301,2.094240837696335
2016-06-21,29400,30100,29100,29900,137389,2.2222222222222223
2016-06-22,29900,30450,29750,30350,118701,1.5050167224080269
2016-06-23,30200,30500,29950,30350,113860,0.0
2016-06-24,30500,31050,29050,29350,316051,-3.2948929159802307
2016-06-27,28900,29250,28650,29250,129953,-0.34071550255536626
2016-06-28,28800,29300,28800,29150,66832,-0.3418803418803419
2016-06-29,29300,29900,29250,29800,127953,2.2298456260720414
2016-06-30,30000,30100,28950,29150,127238,-2.1812080536912752
2016-07-01,29350,30200,29300,30000,140359,2.9159519725557463
2016-07-04,30200,30450,29350,29700,138581,-1.0
2016-07-05,29850,30100,29550,29700,91227,0.0
2016-07-06,29850,29850,28900,29150,115495,-1.8518518518518516
2016-07-07,29400,29850,29350,29850,99781,2.401372212692967
2016-07-08,29500,29850,29400,29650,39648,-0.6700167504187605
2016-07-11,29950,30250,29900,30250,126854,2.0236087689713322
2016-07-12,30400,30900,29950,30900,198858,2.1487603305785123
2016-07-13,31100,32000,31100,31800,430446,2.912621359223301
2016-07-14,31950,32050,31050,31550,113964,-0.7861635220125787
2016-07-15,31700,31850,31200,31400,112636,-0.4754358161648178
2016-07-18,31300,31450,30900,31100,116718,-0.9554140127388535
2016-07-19,31100,31100,29900,30300,155203,-2.572347266881029
2016-07-20,30100,30850,30000,30700,71879,1.3201320132013201
2016-07-21,30850,30850,30200,30300,61130,-1.3029315960912053
2016-07-22,30300,30850,30150,30450,45608,0.49504950495049505
2016-07-25,30500,30900,30350,30850,74369,1.3136288998357963
2016-07-26,30850,30850,30200,30650,121253,-0.6482982171799028
2016-07-27,30650,30850,30400,30500,72304,-0.48939641109298526
2016-07-28,31500,32150,31000,31300,302471,2.622950819672131
2016-07-29,31300,31800,30750,31050,146132,-0.7987220447284344
2016-08-01,31200,32400,31200,32400,217476,4.3478260869565215
2016-08-02,32500,32800,32000,32700,188423,0.9259259259259258
2016-08-03,32600,32900,32350,32450,132251,-0.764525993883792
2016-08-04,32800,32850,32200,32400,140657,-0.15408320493066258
2016-08-05,32550,33100,32250,32850,173828,1.3888888888888888
2016-08-08,32950,33000,31500,31700,167614,-3.50076103500761
2016-08-09,31700,33000,31700,33000,219261,4.100946372239748
2016-08-10,32900,33100,32150,32200,107137,-2.4242424242424243
2016-08-11,32350,32900,32200,32700,105787,1.5527950310559007
2016-08-12,32900,33800,32750,33750,294528,3.211009174311927
2016-08-16,33850,34000,33300,33400,140378,-1.037037037037037
2016-08-17,33450,33500,32550,32900,112457,-1.4970059880239521
2016-08-18,33000,33450,32400,32550,103098,-1.0638297872340425
2016-08-19,32550,33350,32300,33250,161893,2.1505376344086025
2016-08-22,33250,33250,32250,32300,134598,-2.857142857142857
2016-08-23,32200,32250,31200,31750,159868,-1.7027863777089782
2016-08-24,31700,33150,31600,32650,157117,2.8346456692913384
2016-08-25,32500,32550,31900,32400,74427,-0.7656967840735069
2016-08-26,32450,32600,32100,32500,59719,0.30864197530864196
2016-08-29,32350,32400,31450,31650,78274,-2.6153846153846154
2016-08-30,31500,32100,31500,31700,109437,0.1579778830963665
2016-08-31,31800,31900,30750,31350,189466,-1.1041009463722398
2016-09-01,31350,31800,31000,31350,67344,0.0
2016-09-02,31650,31950,31300,31700,72670,1.1164274322169059
2016-09-05,32200,32800,32150,32600,142210,2.8391167192429023
2016-09-06,32500,32700,32250,32400,76391,-0.6134969325153374
2016-09-07,32150,33100,32150,32950,146598,1.6975308641975309
2016-09-08,32800,32950,32150,32350,113123,-1.8209408194233687
2016-09-09,31950,32350,31750,32200,90743,-0.46367851622874806
2016-09-12,31500,31950,31500,31700,72528,-1.5527950310559007
2016-09-13,31800,32250,31400,31900,129318,0.6309148264984227
2016-09-19,31600,31950,31450,31500,81993,-1.2539184952978055
2016-09-20,31400,31650,31050,31600,73242,0.31746031746031744
2016-09-21,31300,31950,31200,31800,62945,0.6329113924050633
2016-09-22,31950,32900,31900,32650,117791,2.6729559748427674
2016-09-23,32950,32950,32300,32700,74085,0.1531393568147014
2016-09-26,32500,32850,32200,32500,52278,-0.6116207951070336
2016-09-27,32500,33850,32250,33850,226754,4.153846153846154
2016-09-28,33850,33850,33300,33650,76595,-0.5908419497784343
2016-09-29,33800,34000,33600,33850,70758,0.5943536404160475
2016-09-30,33500,34100,33500,33850,108179,0.0
2016-10-04,33950,34100,33200,33950,115192,0.29542097488921715
2016-10-05,33950,34100,33500,34100,130665,0.4418262150220913
2016-10-06,34000,34050,33650,33850,79709,-0.7331378299120235
2016-10-07,33650,34000,33100,33400,66027,-1.329394387001477
2016-10-10,33300,34300,33250,34150,112556,2.245508982035928
2016-10-11,34400,34450,33950,34250,116396,0.29282576866764276
2016-10-12,34300,34550,33750,34000,84813,-0.7299270072992701
2016-10-13,34000,34100,33250,33250,82687,-2.2058823529411766
2016-10-14,33500,33800,33150,33250,71556,0.0
2016-10-17,33250,33650,32950,33600,69593,1.0526315789473684
2016-10-18,33500,33750,33250,33650,50392,0.1488095238095238
2016-10-19,33800,34300,33800,34300,107400,1.9316493313521546
2016-10-20,34150,34550,33950,34250,74718,-0.1457725947521866
2016-10-21,34400,34450,33650,33650,83782,-1.7518248175182483
2016-10-24,33450,34150,33300,33900,62177,0.7429420505200593
2016-10-25,33950,34250,33550,34100,96462,0.5899705014749262
2016-10-26,33950,34300,33700,34000,89737,-0.2932551319648094
2016-10-27,34500,35150,34150,34550,155095,1.6176470588235297
2016-10-28,34700,34800,34300,34750,61077,0.5788712011577424
2016-10-31,34000,35050,33100,34800,150049,0.14388489208633093
2016-11-01,34850,35100,34400,35000,92256,0.5747126436781609
2016-11-02,34750,35400,34250,34800,169775,-0.5714285714285714
2016-11-03,34300,34750,33950,34350,140799,-1.293103448275862
2016-11-04,34700,35850,34300,35850,226723,4.366812227074235
2016-11-07,35900,35900,34950,35250,163480,-1.6736401673640167
2016-11-08,35400,35450,34800,35100,117304,-0.425531914893617
2016-11-09,35350,37000,33800,35400,872221,0.8547008547008548
2016-11-10,36000,39250,35900,38300,819532,8.192090395480225
2016-11-11,38550,40800,38350,39700,564373,3.6553524804177546
2016-11-14,40100,41700,39300,40350,448556,1.63727959697733
2016-11-15,40350,41450,39400,40700,276388,0.8674101610904585
2016-11-16,40800,41400,39850,41150,256334,1.1056511056511056
2016-11-17,40350,40900,39900,40000,201671,-2.7946537059538272
2016-11-18,39950,40350,39400,39900,121511,-0.25
2016-11-21,40000,40000,38350,38600,202183,-3.258145363408521
2016-11-22,39000,40000,38650,40000,179117,3.6269430051813467
2016-11-23,40000,40750,39500,40100,155859,0.25
2016-11-24,40200,40600,39750,39900,112380,-0.4987531172069825
2016-11-25,40400,40650,39300,39450,149227,-1.1278195488721803
2016-11-28,39350,40000,38850,39000,73709,-1.1406844106463878
2016-11-29,39000,39800,38700,39300,113564,0.7692307692307693
2016-11-30,39300,39300,37750,38800,241850,-1.2722646310432568
2016-12-01,38500,39500,38000,39300,130436,1.2886597938144329
2016-12-02,39100,40100,39000,39250,116598,-0.1272264631043257
2016-12-05,39250,40250,39100,40250,139118,2.547770700636943
2016-12-06,41050,43850,41050,43450,470463,7.950310559006211
2016-12-07,43900,45250,43050,44000,295543,1.2658227848101267
2016-12-08,44350,44800,43750,44600,215339,1.3636363636363635
2016-12-09,44400,44450,43450,43850,167732,-1.6816143497757847
2016-12-12,44200,44300,43100,43800,165681,-0.11402508551881414
2016-12-13,43700,43750,42550,43000,202993,-1.82648401826484
2016-12-14,43100,43350,42600,43200,163595,0.46511627906976744
2016-12-15,42600,43600,42400,43350,113131,0.3472222222222222
2016-12-16,43300,43450,41900,42350,228783,-2.306805074971165
2016-12-19,41850,42450,41450,42300,135638,-0.11806375442739078
2016-12-20,42450,42500,41850,42350,108656,0.1182033096926714
2016-12-21,42450,43450,42250,42450,112941,0.23612750885478156
2016-12-22,42650,42700,41800,42400,82337,-0.11778563015312131
2016-12-23,42200,42350,41500,41600,116296,-1.8867924528301887
2016-12-26,41300,41500,40450,40600,142723,-2.403846153846154
2016-12-27,40650,41250,40400,41150,81631,1.354679802955665
2016-12-28,40800,40900,40250,40300,82131,-2.0656136087484813
2016-12-29,40700,40750,39650,40500,113577,0.49627791563275436
2017-01-02,40500,41150,40100,40750,63681,0.6172839506172839
2017-01-03,40900,42050,40250,41400,158780,1.5950920245398774
2017-01-04,41400,41700,40850,41250,130457,-0.36231884057971014
2017-01-05,41400,42250,41100,41400,151980,0.36363636363636365
2017-01-06,42100,43200,41800,42900,273616,3.6231884057971016
2017-01-09,42900,42900,41550,41650,145363,-2.9137529137529135
2017-01-10,41250,41550,40200,41250,193045,-0.9603841536614646
2017-01-11,41300,44350,41300,44300,407604,7.3939393939393945
2017-01-12,44350,44750,43250,43800,212571,-1.1286681715575622
2017-01-13,43950,44200,43300,43900,107514,0.228310502283105
2017-01-16,44100,44800,43800,44300,179934,0.9111617312072893
2017-01-17,44350,45050,43400,44000,206137,-0.6772009029345373
2017-01-18,43650,43700,42900,43150,112917,-1.9318181818181817
2017-01-19,43150,44400,42700,43700,150702,1.2746234067207416
2017-01-20,43700,43900,42850,42900,84677,-1.8306636155606408
2017-01-23,42900,43800,42900,43750,108149,1.9813519813519813
2017-01-24,43700,44050,42900,43950,117556,0.4571428571428572
2017-01-25,44750,44900,43650,43800,141178,-0.3412969283276451
2017-01-26,43350,44300,43100,44000,100855,0.45662100456621
2017-01-31,44150,44150,43250,43500,68260,-1.1363636363636365
2017-02-01,43600,44050,42950,43700,137493,0.45977011494252873
2017-02-02,43550,43850,43050,43050,97361,-1.4874141876430207
2017-02-03,43000,43900,42650,42700,150985,-0.8130081300813009
2017-02-06,43100,43150,40100,40200,401330,-5.85480093676815
2017-02-07,40200,40300,38800,40300,236913,0.24875621890547264
2017-02-08,40500,40750,39350,40350,138566,0.12406947890818859
2017-02-09,39650,40450,39650,40100,114436,-0.6195786864931847
2017-02-10,39700,40300,39550,39700,156290,-0.997506234413965
2017-02-13,40150,41450,39800,41300,254454,4.030226700251889
2017-02-14,42100,42550,41350,41400,245013,0.24213075060532688
2017-02-15,41600,42000,41100,41800,132870,0.966183574879227
2017-02-16,41200,41300,39950,40000,250991,-4.30622009569378
2017-02-17,40000,41000,40000,40300,101513,0.75
2017-02-20,40300,40700,39850,40000,103200,-0.7444168734491315
2017-02-21,40550,42500,40550,41450,291715,3.6249999999999996
2017-02-22,41600,41900,41300,41350,121870,-0.24125452352231602
2017-02-23,41650,41650,40600,41000,111241,-0.8464328899637243
2017-02-24,40300,40650,39600,39950,306781,-2.5609756097560976
2017-02-27,40400,40400,39500,39950,82469,0.0
2017-02-28,39700,41050,39700,40950,177322,2.5031289111389237
2017-03-02,41250,41650,40200,40300,238570,-1.5873015873015872
2017-03-03,40050,40700,39900,39900,103174,-0.9925558312655087
2017-03-06,39600,39750,39000,39250,153503,-1.6290726817042605
2017-03-07,39100,39700,38800,39500,118887,0.6369426751592357
2017-03-08,39550,40500,39250,40000,171539,1.2658227848101267
2017-03-09,40050,40200,39400,39950,136074,-0.125
2017-03-10,39500,39700,38950,39100,181580,-2.127659574468085
2017-03-13,39400,39400,37800,38100,367624,-2.557544757033248
2017-03-14,38300,39000,37600,38250,290855,0.39370078740157477
2017-03-15,38100,38350,37350,37450,194143,-2.091503267973856
2017-03-16,38150,38650,38000,38500,245422,2.803738317757009
2017-03-17,38750,38800,38200,38300,136875,-0.5194805194805194
2017-03-20,38150,38550,38150,38450,114145,0.39164490861618795
2017-03-21,38650,38650,37550,37900,184728,-1.4304291287386215
2017-03-22,37500,37800,37050,37150,186408,-1.978891820580475
2017-03-23,37600,39600,37500,39400,342989,6.056527590847914
2017-03-24,39300,39350,38250,39000,223578,-1.015228426395939
2017-03-27,38800,39150,38000,38700,149231,-0.7692307692307693
2017-03-28,38700,39200,38250,38600,113212,-0.2583979328165375
2017-03-29,39100,39400,38100,38700,134658,0.2590673575129534
2017-03-30,39100,39400,38700,39000,121852,0.7751937984496124
2017-03-31,39200,39250,38600,39100,115867,0.2564102564102564
2017-04-03,39100,39150,38300,38550,171750,-1.4066496163682864
2017-04-04,38450,39000,38150,38700,119669,0.38910505836575876
2017-04-05,39000,39450,38800,39050,162964,0.9043927648578811
2017-04-06,39600,41800,39500,41500,494075,6.274007682458387
2017-04-07,41600,41750,41000,41250,191287,-0.6024096385542169
2017-04-10,41450,41500,40500,41200,180187,-0.12121212121212122
2017-04-11,40800,41350,40450,40450,170269,-1.820388349514563
2017-04-12,40800,42300,40300,40500,221183,0.12360939431396785
2017-04-13,40850,40900,40200,40700,94908,0.49382716049382713
2017-04-14,40300,40800,39800,39900,75942,-1.9656019656019657
2017-04-17,39500,40150,39050,40000,113023,0.2506265664160401
2017-04-18,40000,40100,39450,39600,122903,-1.0
2017-04-19,39600,39800,38700,38700,204353,-2.272727272727273
2017-04-20,39050,39300,38500,39200,126480,1.2919896640826873
2017-04-21,39550,39550,38950,39300,72039,0.25510204081632654
2017-04-24,39500,40500,39300,39400,116931,0.2544529262086514
2017-04-25,39400,39700,38800,39500,76445,0.25380710659898476
2017-04-26,39650,40200,39300,39750,146464,0.6329113924050633
2017-04-27,39900,41100,39850,40150,147472,1.0062893081761006
2017-04-28,40700,40700,38950,39050,262289,-2.73972602739726
2017-05-02,39350,40200,39300,40000,149123,2.4327784891165174
2017-05-04,40000,40550,39800,40100,117301,0.25
2017-05-08,40150,40150,39000,39300,261885,-1.99501246882793
2017-05-10,39500,40100,39100,39400,175923,0.2544529262086514
2017-05-11,39400,40300,39400,40300,154009,2.284263959390863
2017-05-12,40200,40250,39800,39900,101357,-0.9925558312655087
2017-05-15,40100,40350,39500,39800,94954,-0.2506265664160401
2017-05-16,40000,40500,39800,40450,130726,1.6331658291457287
2017-05-17,40450,40500,39300,39650,166024,-1.9777503090234856
2017-05-18,39300,40050,39300,39800,107985,0.37831021437578816
2017-05-19,39650,39800,39350,39650,112686,-0.37688442211055273
2017-05-22,39750,40500,39750,40450,200649,2.01765447667087
2017-05-23,40700,41100,40250,40800,180034,0.865265760197775
2017-05-24,40800,42050,40800,41950,285752,2.8186274509803924
2017-05-25,42150,42350,41450,42200,165638,0.5959475566150179
2017-05-26,42200,42200,41500,41600,133133,-1.4218009478672986
2017-05-29,41600,41900,41200,41400,66534,-0.4807692307692308
2017-05-30,41750,41950,41150,41750,104415,0.8454106280193237
2017-05-31,41600,41600,41150,41400,89681,-0.8383233532934131
2017-06-01,41300,41350,40750,40900,80947,-1.2077294685990339
2017-06-02,40950,41300,40700,40850,81643,-0.12224938875305623
2017-06-05,40900,40900,40000,40150,114053,-1.7135862913096693
2017-06-07,39950,40400,39850,40050,101931,-0.24906600249066002
2017-06-08,40100,40400,39800,40000,140169,-0.12484394506866417
2017-06-09,40250,41200,40250,40500,152744,1.25
2017-06-12,40500,40850,40300,40700,73576,0.49382716049382713
2017-06-13,40900,41100,40500,41000,95896,0.7371007371007371
2017-06-14,40750,41850,40750,41750,218939,1.8292682926829267
2017-06-15,41600,41600,40750,41100,129837,-1.5568862275449102
2017-06-16,41050,41850,40750,41300,140467,0.48661800486618007
2017-06-19,41750,41750,40300,40400,103606,-2.1791767554479415
2017-06-20,40450,40550,40050,40350,104793,-0.12376237623762376
2017-06-21,40050,40550,39150,40150,159233,-0.49566294919454773
2017-06-22,40500,40550,39450,40000,173600,-0.37359900373599003
2017-06-23,40050,40350,39650,40150,139248,0.375
2017-06-26,40150,40350,39400,40200,95538,0.12453300124533001
2017-06-27,40150,40200,39850,39950,80903,-0.6218905472636816
2017-06-28,40000,42100,39950,42000,288398,5.131414267834793
2017-06-29,42200,43000,41950,42650,172033,1.5476190476190477
2017-06-30,42650,43700,42600,43000,217364,0.8206330597889802
2017-07-03,43050,44800,43050,44700,283849,3.953488372093023
2017-07-04,44900,44900,43550,43800,256382,-2.013422818791946
2017-07-05,43550,45150,43550,45050,206691,2.853881278538813
2017-07-06,44550,45050,43900,45000,131341,-0.11098779134295228
2017-07-07,45200,46550,45000,45300,146713,0.6666666666666667
2017-07-10,45500,45800,44600,44650,76790,-1.434878587196468
2017-07-11,44700,47000,44700,46600,254526,4.367301231802911
2017-07-12,46600,46700,45100,45250,181166,-2.896995708154506
2017-07-13,45300,45950,44500,45950,162340,1.5469613259668509
2017-07-14,46000,46800,45450,46300,124555,0.7616974972796519
2017-07-17,46550,47300,46350,46950,86752,1.4038876889848813
2017-07-18,47500,47700,46800,47150,145330,0.42598509052183176
2017-07-19,47450,47650,46950,47400,77486,0.5302226935312832
2017-07-20,47450,47750,47000,47500,100927,0.21097046413502107
2017-07-21,47200,47200,46200,46400,136796,-2.3157894736842106
2017-07-24,46650,46900,45950,46500,96795,0.21551724137931033
2017-07-25,43050,46350,42500,45850,600543,-1.3978494623655915
2017-07-26,46900,48850,45900,47600,260640,3.816793893129771
2017-07-27,48200,49900,47500,49400,240004,3.7815126050420167
2017-07-28,49200,49800,48250,48450,169976,-1.9230769230769231
2017-07-31,48350,50400,47750,49700,227098,2.5799793601651184
2017-08-01,50500,52400,50300,51900,310685,4.426559356136821
2017-08-02,51800,54100,50600,53700,399766,3.4682080924855487
2017-08-03,53600,53800,51100,52500,252618,-2.2346368715083798
2017-08-04,52100,54700,52100,54300,187436,3.428571428571429
2017-08-07,54800,54800,52400,52800,222644,-2.7624309392265194
2017-08-08,53300,54200,52000,53400,159348,1.1363636363636365
2017-08-09,53400,54700,53200,53400,163319,0.0
2017-08-10,53500,54300,52400,53900,133801,0.9363295880149813
2017-08-11,52800,53900,51200,51600,220326,-4.267161410018553
2017-08-14,52100,52400,51100,51600,108782,0.0
2017-08-16,52000,52200,50700,51600,135704,0.0
2017-08-17,53000,54900,52700,54300,317868,5.232558139534884
2017-08-18,53800,54700,53100,53100,147035,-2.209944751381215
2017-08-21,52900,53900,52200,52800,108585,-0.5649717514124294
2017-08-22,53900,54700,53500,54100,165380,2.462121212121212
2017-08-23,54900,55100,53100,53300,201952,-1.478743068391867
2017-08-24,53300,54200,53100,53800,103005,0.9380863039399625
2017-08-25,54200,54200,53600,54100,85763,0.5576208178438662
2017-08-28,54300,56600,54000,54600,285685,0.9242144177449169
2017-08-29,54600,56600,54000,55600,216480,1.8315018315018317
2017-08-30,56300,56600,55600,56100,105621,0.8992805755395683
2017-08-31,56500,57600,56400,57000,184580,1.6042780748663104
2017-09-01,57500,57600,55700,56200,132408,-1.4035087719298245
2017-09-04,55400,57300,55400,55900,116958,-0.5338078291814947
2017-09-05,56600,56800,55800,55900,86687,0.0
2017-09-06,56000,56100,54200,55200,161635,-1.2522361359570662
2017-09-07,55400,56200,54400,55900,98831,1.2681159420289856
2017-09-08,55400,55900,54100,55000,144060,-1.6100178890876566
2017-09-11,54000,55000,53000,53600,230397,-2.5454545454545454
2017-09-12,54100,55800,53600,55800,173595,4.104477611940299
2017-09-13,55700,55700,54700,54800,105121,-1.7921146953405016
2017-09-14,54900,55000,53100,53200,232087,-2.9197080291970803
2017-09-15,53500,53500,50800,52100,266273,-2.0676691729323307
2017-09-18,52300,53200,51400,52700,137116,1.1516314779270633
2017-09-19,52700,53700,52400,52900,129948,0.3795066413662239
2017-09-20,53500,53500,51600,51700,126848,-2.2684310018903595
2017-09-21,51400,52000,50400,51900,195080,0.3868471953578337
2017-09-22,51900,51900,48450,49900,285010,-3.8535645472061653
2017-09-25,49900,50800,49600,50000,75124,0.2004008016032064
2017-09-26,50300,51900,50200,51500,127635,3.0
2017-09-27,52000,52000,50100,50100,78746,-2.7184466019417477
2017-09-28,50100,51200,49550,51100,94801,1.996007984031936
2017-09-29,51900,52000,50500,51300,150929,0.3913894324853229
2017-10-10,52300,55200,52000,55100,262714,7.4074074074074066
2017-10-11,55100,55700,54200,55200,153368,0.18148820326678766
2017-10-12,55200,56500,55000,55300,119000,0.18115942028985507
2017-10-13,55300,56000,54300,54800,82590,-0.9041591320072333
2017-10-16,54800,56300,54600,56000,127982,2.18978102189781
2017-10-17,57000,58900,56400,58600,370051,4.642857142857143
2017-10-18,58100,58100,56400,56900,186060,-2.901023890784983
2017-10-19,55700,56400,54600,54600,207688,-4.042179261862917
2017-10-20,54500,56000,54000,55400,139433,1.465201465201465
2017-10-23,55500,55700,54500,54600,81033,-1.444043321299639
2017-10-24,54700,55200,53700,55200,101663,1.098901098901099
2017-10-25,54900,54900,52200,52300,338935,-5.253623188405797
2017-10-26,52100,52100,50600,50900,266123,-2.676864244741874
2017-10-27,50700,51800,50100,51400,193905,0.9823182711198428
2017-10-30,49350,50200,48050,49900,485438,-2.9182879377431905
2017-10-31,49700,49800,48450,49050,192751,-1.7034068136272544
2017-11-01,49100,49500,48800,49200,205547,0.3058103975535168
2017-11-02,49600,50800,49600,49750,238575,1.1178861788617886
2017-11-03,50000,50600,49050,49500,151249,-0.5025125628140703
2017-11-06,49650,49750,48600,49100,175487,-0.8080808080808081
2017-11-07,48950,50000,48750,49200,125244,0.20366598778004072
2017-11-08,48650,48750,48000,48200,214639,-2.0325203252032518
2017-11-09,48200,48750,48050,48350,113036,0.3112033195020747
2017-11-10,48650,48650,47400,47600,183524,-1.5511892450879008
2017-11-13,47300,48000,46700,46700,166075,-1.8907563025210083
2017-11-14,46850,48000,46850,47000,121590,0.6423982869379015
2017-11-15,47050,47200,45600,46000,186862,-2.127659574468085
2017-11-16,45650,46350,45100,45900,175187,-0.21739130434782608
2017-11-17,46000,46450,45350,45700,135056,-0.4357298474945534
2017-11-20,45450,45600,44850,44850,146798,-1.8599562363238513
2017-11-21,45200,45250,43800,44200,251747,-1.4492753623188406
2017-11-22,44500,45200,43700,43800,190415,-0.904977375565611
2017-11-23,44400,46650,44350,46300,313052,5.707762557077626
2017-11-24,46700,46750,45400,45500,180773,-1.7278617710583155
2017-11-27,45900,47100,44900,46300,312368,1.7582417582417582
2017-11-28,46150,47450,45650,46150,265257,-0.32397408207343414
2017-11-29,46550,46600,45100,45150,253764,-2.1668472372697725
2017-11-30,45550,46850,44950,44950,272652,-0.4429678848283499
2017-12-01,45350,45650,44400,44550,180135,-0.8898776418242491
2017-12-04,44650,45650,44550,45450,124529,2.0202020202020203
2017-12-05,45600,46000,45050,45850,145757,0.88008800880088
2017-12-06,45400,45600,44000,44000,328859,-4.0348964013086155
2017-12-07,44000,44650,43050,43050,166100,-2.159090909090909
2017-12-08,43000,43550,41800,42100,227602,-2.2067363530778166
2017-12-11,41900,42850,41900,42650,129189,1.3064133016627077
2017-12-12,42400,43350,42400,42900,120925,0.5861664712778429
2017-12-13,42900,43700,42500,43100,160208,0.4662004662004662
2017-12-14,43200,43600,42150,42150,166038,-2.2041763341067284
2017-12-15,42400,44550,42400,44450,247838,5.456702253855279
2017-12-18,44600,44700,43250,43750,231189,-1.574803149606299
2017-12-19,43750,45100,43750,44300,216093,1.2571428571428571
2017-12-20,45100,47150,44800,46000,500948,3.837471783295711
2017-12-21,46750,47250,45900,46200,343463,0.43478260869565216
2017-12-22,46300,46750,45700,46250,153483,0.10822510822510822
2017-12-26,46750,47600,46450,46500,196280,0.5405405405405406
2017-12-27,46500,47250,46200,46600,137577,0.21505376344086022
2017-12-28,47300,48200,46850,47500,236533,1.9313304721030045
2018-01-02,48200,50000,48200,49600,380617,4.421052631578947
2018-01-03,49600,49950,48500,49650,201946,0.10080645161290322
2018-01-04,49550,49700,47800,47800,181872,-3.726082578046324
2018-01-05,48000,50700,48000,50300,343905,5.230125523012552
2018-01-08,50500,50500,48950,50100,130799,-0.3976143141153081
2018-01-09,50000,52700,49750,51400,286608,2.5948103792415167
2018-01-10,51800,51800,50600,50800,144610,-1.1673151750972763
2018-01-11,51500,51600,48600,49600,296768,-2.3622047244094486
2018-01-12,49600,50900,48950,50700,200010,2.217741935483871
2018-01-15,51900,52500,51400,52200,217646,2.9585798816568047
2018-01-16,51900,52800,50600,50900,228171,-2.490421455938697
2018-01-17,50900,50900,48800,49200,259716,-3.3398821218074657
2018-01-18,49300,50800,49200,49350,173768,0.3048780487804878
2018-01-19,49100,51200,48200,50900,242488,3.1408308004052685
2018-01-22,50300,50500,49550,50200,118751,-1.37524557956778
2018-01-23,50300,51400,49850,51000,135459,1.593625498007968
2018-01-24,50400,50800,49550,49700,229750,-2.549019607843137
2018-01-25,50300,51600,50300,51400,270618,3.420523138832998
2018-01-26,51400,51700,50600,51000,158560,-0.7782101167315175
2018-01-29,51400,52000,50900,51800,169056,1.5686274509803921
2018-01-30,52000,52900,51400,51800,173655,0.0
2018-01-31,51000,51200,49450,50300,201474,-2.8957528957528957
2018-02-01,50600,50700,49600,50000,175540,-0.5964214711729622
2018-02-02,47800,47800,45300,45750,825237,-8.5
2018-02-05,45200,45200,43550,44050,401780,-3.715846994535519
2018-02-06,42350,44000,42250,43850,288891,-0.4540295119182747
2018-02-07,44550,44600,43000,43000,164328,-1.9384264538198404
2018-02-08,42600,43600,42550,43600,185414,1.3953488372093024
2018-02-09,42500,43000,42000,42700,228369,-2.064220183486239
2018-02-12,42750,42750,42050,42300,140470,-0.936768149882904
2018-02-13,42600,42800,41900,42300,129402,0.0
2018-02-14,42550,42600,41700,42300,183143,0.0
2018-02-19,43150,44850,43100,44600,252675,5.4373522458628845
2018-02-20,44650,44700,43700,44500,91179,-0.2242152466367713
2018-02-21,44450,44500,43750,44200,75480,-0.6741573033707865
2018-02-22,43950,44200,43100,43500,81101,-1.583710407239819
2018-02-23,43800,44150,43550,44000,102250,1.1494252873563218
2018-02-26,44500,45300,44050,44500,100997,1.1363636363636365
2018-02-27,44450,44850,44100,44200,90216,-0.6741573033707865
2018-02-28,43600,43950,43050,43050,93688,-2.6018099547511313
2018-03-02,42500,42900,42150,42200,104887,-1.9744483159117305
2018-03-05,42200,42400,40300,40350,233532,-4.383886255924171
2018-03-06,40900,41950,40700,41200,159432,2.1065675340768277
2018-03-07,41200,41350,40400,40400,175544,-1.9417475728155338
2018-03-08,40400,41600,40400,41600,105464,2.9702970297029703
2018-03-09,41500,41800,40500,41200,158377,-0.9615384615384616
2018-03-12,41500,41850,41050,41450,140539,0.6067961165048543
2018-03-13,41400,41550,40900,41400,85122,-0.12062726176115801
2018-03-14,40950,41000,40500,40800,141301,-1.4492753623188406
2018-03-15,40900,42200,40900,41900,123532,2.696078431372549
2018-03-16,41750,41850,41200,41300,76421,-1.431980906921241
2018-03-19,41800,42050,41300,41500,66540,0.48426150121065376
2018-03-20,41100,41250,40600,40800,76080,-1.6867469879518073
2018-03-21,40500,40700,39500,40150,191805,-1.5931372549019607
2018-03-22,40100,40400,39850,40000,87915,-0.37359900373599003
2018-03-23,39500,39700,38500,38600,129438,-3.5000000000000004
2018-03-26,38150,39500,38100,39250,91348,1.6839378238341969
2018-03-27,39700,39700,38900,39400,76891,0.3821656050955414
2018-03-28,39150,39800,38550,39050,95384,-0.8883248730964468
2018-03-29,39050,39450,38100,38450,120453,-1.5364916773367476
2018-03-30,38550,39350,38550,39250,59289,2.080624187256177
2018-04-02,39500,40450,39450,39650,122587,1.019108280254777
2018-04-03,39600,39650,38750,39000,114218,-1.639344262295082
2018-04-04,39200,39250,38250,38300,85052,-1.7948717948717947
2018-04-05,38350,38800,38000,38100,132316,-0.5221932114882507
2018-04-06,38250,38250,37300,37850,149801,-0.6561679790026247
2018-04-09,37200,37450,36700,37000,127730,-2.2457067371202113
2018-04-10,37000,37750,36750,37650,98449,1.7567567567567568
2018-04-11,37750,37850,37350,37400,85654,-0.6640106241699867
2018-04-12,37700,38450,37650,37950,97483,1.4705882352941175
2018-04-13,38000,38100,37200,37250,126842,-1.844532279314888
2018-04-16,37400,37650,36700,37300,93579,0.1342281879194631
2018-04-17,37500,37550,37050,37400,72706,0.2680965147453083
2018-04-18,37450,38050,37200,37350,135812,-0.1336898395721925
2018-04-19,38250,39700,37700,39600,318021,6.024096385542169
2018-04-20,39700,39700,38600,39500,121229,-0.25252525252525254
2018-04-23,39450,39700,38500,38800,123792,-1.7721518987341773
2018-04-24,38800,38900,37900,38500,98295,-0.7731958762886598
2018-04-25,38300,38300,37450,37500,110068,-2.5974025974025974
2018-04-26,37500,37950,37200,37750,97876,0.6666666666666667
2018-04-27,37750,38250,37550,37600,58554,-0.3973509933774834
2018-04-30,37400,38400,37400,38150,130046,1.4627659574468086
2018-05-02,38050,39400,37550,37900,335416,-0.655307994757536
2018-05-03,37700,38100,37100,37750,173433,-0.395778364116095
2018-05-04,37400,37900,37050,37100,127258,-1.7218543046357615
2018-05-08,37300,37350,36600,37200,144868,0.2695417789757413
2018-05-09,37100,37200,36750,36950,88258,-0.6720430107526881
2018-05-10,36850,38000,36850,37950,127560,2.706359945872801
2018-05-11,38450,40650,38450,40250,498611,6.0606060606060606
2018-05-14,40900,42350,40600,41950,429643,4.22360248447205
2018-05-15,42200,42400,41000,41700,223974,-0.5959475566150179
2018-05-16,41150,41300,39650,40250,203155,-3.477218225419664
2018-05-17,40450,41500,40000,40100,93691,-0.37267080745341613
2018-05-18,39850,40900,39500,40450,116807,0.8728179551122194
2018-05-21,40750,40750,39350,39700,99785,-1.8541409147095178
2018-05-23,39700,39750,38850,38950,105726,-1.8891687657430731
2018-05-24,39000,39000,38000,38150,118315,-2.053915275994865
2018-05-25,38450,39200,37200,37700,203673,-1.1795543905635648
2018-05-28,37850,38500,37700,37950,100943,0.6631299734748011
2018-05-29,38000,38000,37350,37500,87678,-1.185770750988142
2018-05-30,37150,37400,36150,36400,203448,-2.933333333333333
2018-05-31,36500,36500,35750,35950,175952,-1.2362637362637363
2018-06-01,35950,36500,35600,36350,121538,1.1126564673157162
2018-06-04,36300,37850,35700,37550,209882,3.3012379642365883
2018-06-05,37600,38950,37600,37950,152054,1.0652463382157125
2018-06-07,39100,41350,39000,40850,509493,7.64163372859025
2018-06-08,40500,41250,39300,40350,151928,-1.2239902080783354
2018-06-11,40400,41350,40350,40850,135067,1.2391573729863694
2018-06-12,41350,41700,39850,40450,173279,-0.9791921664626682
2018-06-14,40450,40450,38650,39150,189039,-3.2138442521631645
2018-06-15,38900,39150,38000,38400,108961,-1.9157088122605364
2018-06-18,37900,38200,36300,36550,242933,-4.817708333333334
2018-06-19,36200,36650,34550,34650,263763,-5.198358413132695
2018-06-20,34650,35000,33850,34150,262840,-1.443001443001443
2018-06-21,34250,34600,33100,33150,217381,-2.9282576866764276
2018-06-22,32650,33450,32150,33150,260290,0.0
2018-06-25,33350,34500,32750,34400,177719,3.770739064856712
2018-06-26,33900,35050,33800,34550,150982,0.436046511627907
2018-06-27,34550,34550,33550,33600,98251,-2.7496382054992763
2018-06-28,33900,34400,33150,33650,91437,0.1488095238095238
2018-06-29,33800,34150,33050,34050,67560,1.188707280832095
2018-07-02,33650,33650,32200,32400,127121,-4.845814977973569
2018-07-03,32700,32800,31850,32550,102136,0.4629629629629629
2018-07-04,32000,33450,32000,32800,49886,0.7680491551459293
2018-07-05,32650,33000,32000,32350,63812,-1.3719512195121952
2018-07-06,32450,33100,32000,33000,85113,2.009273570324575
2018-07-09,32800,32800,31900,32150,114146,-2.5757575757575757
2018-07-10,32300,33950,32300,33350,148847,3.7325038880248838
2018-07-11,32900,33200,32300,32650,89358,-2.0989505247376314
2018-07-12,32650,33700,32500,33450,109120,2.4502297090352223
2018-07-13,33300,33850,32600,32900,101405,-1.6442451420029895
2018-07-16,32900,33250,32600,32850,53454,-0.1519756838905775
2018-07-17,32850,33950,32850,33650,97860,2.43531202435312
2018-07-18,33700,34100,33500,33600,53811,-0.1485884101040119
2018-07-19,33450,33900,33050,33050,56742,-1.636904761904762
2018-07-20,33050,33050,30800,31050,391050,-6.051437216338881
2018-07-23,31250,32200,31150,31550,207047,1.610305958132045
2018-07-24,31500,33550,31500,33250,170773,5.388272583201268
2018-07-25,33900,35400,33900,34550,360957,3.909774436090226
2018-07-26,34850,36250,34550,35500,308665,2.7496382054992763
2018-07-27,35500,35700,34550,35250,76007,-0.7042253521126761
2018-07-30,34550,34550,32100,33400,395064,-5.24822695035461
2018-07-31,33100,33200,32350,32700,162627,-2.095808383233533
2018-08-01,32800,33000,32400,32700,182926,0.0
2018-08-02,32200,33050,31600,31700,194013,-3.058103975535168
2018-08-03,31950,32650,31700,32450,125501,2.365930599369085
2018-08-06,32250,34450,32250,34200,250314,5.3929121725731894
2018-08-07,34100,34100,33300,33500,198056,-2.046783625730994
2018-08-08,33600,34200,33450,33450,103060,-0.1492537313432836
2018-08-09,33300,33300,32550,32700,190645,-2.242152466367713
2018-08-10,32850,33200,32550,32900,88160,0.6116207951070336
2018-08-13,32700,32700,31750,31900,145690,-3.0395136778115504
2018-08-14,32100,32300,31800,32200,73937,0.9404388714733543
2018-08-16,31500,31800,30500,31200,220490,-3.1055900621118013
2018-08-17,32050,32300,31200,31300,113825,0.3205128205128205
2018-08-20,31700,32600,31650,32300,139480,3.1948881789137378
2018-08-21,32100,32300,31450,31900,158955,-1.238390092879257
2018-08-22,32200,33700,32150,33350,309985,4.545454545454546
2018-08-23,33600,33650,32550,32650,140421,-2.0989505247376314
2018-08-24,32300,32650,31950,32400,139861,-0.7656967840735069
2018-08-27,32900,34700,32850,34550,351659,6.635802469135803
2018-08-28,35050,35200,34250,34300,177662,-0.723589001447178
2018-08-29,34400,35400,34400,34650,147293,1.0204081632653061
2018-08-30,34900,34900,33700,34000,134252,-1.875901875901876
2018-08-31,33900,33900,33250,33650,123404,-1.0294117647058822
2018-09-03,33500,33500,32850,32900,121922,-2.2288261515601784
2018-09-04,32900,33000,32350,32500,149176,-1.21580547112462
2018-09-05,32500,32700,32050,32050,116038,-1.3846153846153846
2018-09-06,31750,32550,31750,32050,120471,0.0
2018-09-07,32350,32700,31950,32300,103156,0.7800312012480499
2018-09-10,32100,32450,31800,32200,76086,-0.30959752321981426
2018-09-11,32100,32200,31850,31900,90383,-0.9316770186335404
2018-09-12,32050,32200,31150,31400,190727,-1.5673981191222568
2018-09-13,31950,33300,31950,32600,318620,3.821656050955414
2018-09-14,32550,32950,32400,32550,111472,-0.15337423312883436
2018-09-17,32300,32400,31700,31900,84967,-1.9969278033794162
2018-09-18,31600,31700,31400,31450,167121,-1.4106583072100314
2018-09-19,32100,32700,31500,31550,231632,0.3179650238473768
2018-09-20,31850,32200,31450,31650,136267,0.31695721077654515
2018-09-21,32050,32450,32000,32300,162051,2.0537124802527646
2018-09-27,32700,33050,32300,32500,117602,0.6191950464396285
2018-09-28,32200,32450,31600,31750,180822,-2.307692307692308
2018-10-01,32000,33400,31800,33000,247152,3.937007874015748
2018-10-02,33150,33900,33100,33450,192459,1.3636363636363635
2018-10-04,33850,34000,32400,32800,158322,-1.9431988041853512
2018-10-05,32800,33300,32300,32650,106968,-0.45731707317073167
2018-10-08,31900,32200,31500,31500,181420,-3.522205206738132
2018-10-10,31500,31700,30500,30750,183776,-2.380952380952381
2018-10-11,29800,30200,28800,28900,251378,-6.016260162601626
2018-10-12,28450,29600,28450,29350,113705,1.5570934256055362
2018-10-15,29350,29400,28600,28750,126351,-2.0442930153321974
2018-10-16,28400,29300,28400,29050,73226,1.0434782608695654
2018-10-17,29250,29500,28600,28950,106236,-0.34423407917383825
2018-10-18,28950,29000,28600,28700,87746,-0.8635578583765112
2018-10-19,28400,28400,27750,28200,153787,-1.7421602787456445
2018-10-22,28050,28200,27200,27450,213948,-2.6595744680851063
2018-10-23,27650,28000,26350,26650,222175,-2.914389799635701
2018-10-24,27100,27200,26000,26500,227943,-0.5628517823639775
2018-10-25,25700,26050,25200,25700,240565,-3.018867924528302
2018-10-26,25850,25900,24200,24850,286375,-3.3073929961089497
2018-10-29,24300,25100,23550,23600,320018,-5.030181086519115
2018-10-30,23500,24300,22650,23550,266892,-0.211864406779661
2018-10-31,23600,24500,23000,24150,215955,2.547770700636943
2018-11-01,24300,24850,24150,24300,111774,0.6211180124223602
2018-11-02,24700,26050,24700,25900,237413,6.584362139917696
2018-11-05,25900,26750,25600,26600,192003,2.7027027027027026
2018-11-06,26900,27450,26550,26800,151994,0.7518796992481203
2018-11-07,26900,27350,25450,25500,199672,-4.850746268656716
2018-11-08,26000,26900,26000,26100,180491,2.3529411764705883
2018-11-09,25800,26900,25800,26600,102683,1.9157088122605364
2018-11-12,26300,26950,26150,26800,100920,0.7518796992481203
2018-11-13,26700,27050,25900,26900,76106,0.3731343283582089
2018-11-14,27200,27500,26800,26900,79185,0.0
2018-11-15,26950,27200,26650,27100,49485,0.7434944237918215
2018-11-16,27350,27550,27100,27250,63118,0.5535055350553505
2018-11-19,27150,27700,27000,27400,58036,0.5504587155963303
2018-11-20,27400,27400,26700,26750,63244,-2.3722627737226274
2018-11-21,26500,27300,26050,27250,58921,1.8691588785046727
2018-11-22,27100,27200,26500,26900,50808,-1.2844036697247707
2018-11-23,26900,27200,26700,26850,44376,-0.18587360594795538
2018-11-26,27000,27450,26850,27150,50433,1.1173184357541899
2018-11-27,27250,27400,26950,27000,59148,-0.5524861878453038
2018-11-28,27350,27350,26850,26850,32503,-0.5555555555555556
2018-11-29,27600,28700,27400,28300,229252,5.400372439478584
2018-11-30,28300,28650,27900,28150,104621,-0.5300353356890459
2018-12-03,28650,29500,28250,29450,146049,4.618117229129663
2018-12-04,29450,29750,29000,29050,74385,-1.3582342954159592
2018-12-05,28500,28700,27900,28150,117519,-3.098106712564544
2018-12-06,27850,28300,27650,27650,71432,-1.7761989342806392
2018-12-07,27950,28050,27250,27400,58730,-0.9041591320072333
2018-12-10,27300,27300,26000,26400,135637,-3.64963503649635
2018-12-11,26400,26500,26100,26350,50460,-0.1893939393939394
2018-12-12,26800,27200,26400,26850,86670,1.8975332068311195
2018-12-13,26850,28500,26850,28200,146242,5.027932960893855
2018-12-14,27800,28500,27500,28300,111399,0.3546099290780142
2018-12-17,28400,29250,28350,29200,142445,3.180212014134275
2018-12-18,28950,29100,28300,28600,80289,-2.054794520547945
2018-12-19,28600,28700,27600,27950,103158,-2.272727272727273
2018-12-20,27100,28400,27100,28200,64614,0.8944543828264758
2018-12-21,28200,28500,27500,27500,91079,-2.4822695035460995
2018-12-24,27500,27700,27300,27650,40241,0.5454545454545455
2018-12-26,27000,27400,26250,26650,108481,-3.616636528028933
2018-12-27,26650,27400,26350,27250,75572,2.25140712945591
2018-12-28,27050,27650,27050,27350,86709,0.3669724770642202
2019-01-02,27300,27700,26200,26550,80229,-2.9250457038391224
2019-01-03,26850,27000,26400,26450,67998,-0.3766478342749529
2019-01-04,26200,26700,26200,26400,65979,-0.1890359168241966
2019-01-07,27150,28300,27000,27750,156434,5.113636363636364
2019-01-08,28000,28000,27650,27650,34490,-0.36036036036036034
2019-01-09,27650,29650,27650,29200,212079,5.605786618444846
2019-01-10,29400,29800,28900,29500,91974,1.0273972602739725
2019-01-11,29500,29900,29450,29450,78202,-0.1694915254237288
2019-01-14,29300,29750,28550,28600,102476,-2.886247877758913
2019-01-15,28850,29500,28600,29300,79267,2.4475524475524475
2019-01-16,29250,29700,29100,29350,99385,0.17064846416382254
2019-01-17,29150,29600,28950,29150,96757,-0.6814310051107325
2019-01-18,29400,30350,29400,30200,104333,3.6020583190394513
2019-01-21,30200,30900,30050,30450,105874,0.8278145695364238
2019-01-22,30450,30450,29550,29700,71151,-2.4630541871921183
2019-01-23,29450,30150,29200,29650,85331,-0.16835016835016833
2019-01-24,29800,30000,29450,29450,69831,-0.6745362563237773
2019-01-25,29400,29700,29100,29500,81340,0.1697792869269949
2019-01-28,29450,29900,29250,29550,94463,0.1694915254237288
2019-01-29,29550,29600,28750,29200,94558,-1.1844331641285957
2019-01-30,29550,29900,29200,29850,87422,2.2260273972602738
2019-01-31,30100,30650,29550,30500,107190,2.1775544388609713
2019-02-01,30200,31050,30200,30950,122542,1.4754098360655739
2019-02-07,31100,31250,30200,30300,94603,-2.10016155088853
2019-02-08,30100,30250,29050,29150,106235,-3.7953795379537953
2019-02-11,29450,29450,28200,28450,160382,-2.401372212692967
2019-02-12,28600,28800,28350,28550,82461,0.35149384885764495
2019-02-13,28850,28850,28150,28700,150366,0.5253940455341506
2019-02-14,28600,28800,28250,28800,80386,0.34843205574912894
2019-02-15,28600,28850,28350,28750,62932,-0.1736111111111111
2019-02-18,29000,29150,28700,29100,73680,1.2173913043478262
2019-02-19,29300,29450,29000,29200,68407,0.3436426116838488
2019-02-20,29450,31950,29300,31800,745821,8.904109589041095
2019-02-21,31950,32450,31600,31650,235325,-0.4716981132075472
2019-02-22,31850,32200,31050,31700,140690,0.1579778830963665
2019-02-25,32200,32650,31250,31950,195309,0.7886435331230284
2019-02-26,32100,32850,32000,32650,227479,2.190923317683881
2019-02-27,32500,33100,32400,32950,122923,0.9188361408882083
2019-02-28,32900,33200,31700,31900,188600,-3.1866464339908953
2019-03-04,31900,32600,31900,32100,136352,0.6269592476489028
2019-03-05,32150,32600,31650,31900,97815,-0.6230529595015576
2019-03-06,32300,32450,31600,32050,78417,0.4702194357366771
2019-03-07,32150,32150,30800,31150,137352,-2.80811232449298
2019-03-08,30750,30950,29500,29850,201934,-4.173354735152488
2019-03-11,29850,29950,29100,29850,138819,0.0
2019-03-12,30050,30600,29850,30100,114678,0.8375209380234505
2019-03-13,30300,30550,29550,29800,68309,-0.9966777408637874
2019-03-14,30300,30300,29450,29500,163445,-1.006711409395973
2019-03-15,29550,30650,29550,30650,227064,3.898305084745763
2019-03-18,31000,31000,29900,30050,130599,-1.957585644371941
2019-03-19,30150,30250,29800,29800,66576,-0.8319467554076538
2019-03-20,29650,30400,29650,30300,83942,1.6778523489932886
2019-03-21,30350,30350,29650,29800,95252,-1.65016501650165
2019-03-22,29850,30100,29100,29200,122503,-2.013422818791946
2019-03-25,28900,28900,28400,28450,99698,-2.5684931506849313
2019-03-26,28550,28950,28500,28600,56473,0.5272407732864675
2019-03-27,28800,29450,28600,29250,68613,2.272727272727273
2019-03-28,28850,29000,28450,28650,39925,-2.051282051282051
2019-03-29,28500,29150,28500,28900,48762,0.8726003490401396
2019-04-01,29250,30800,29250,30650,218854,6.055363321799308
2019-04-02,30950,31350,30300,30400,99362,-0.8156606851549755
2019-04-03,30000,31400,30000,31300,174976,2.9605263157894735
2019-04-04,31300,31350,30400,30700,95911,-1.9169329073482428
2019-04-05,30800,31100,30450,30800,48358,0.32573289902280134
2019-04-08,30850,30850,30200,30450,56990,-1.1363636363636365
2019-04-09,30500,30800,30350,30350,63462,-0.3284072249589491
2019-04-10,30150,30900,30050,30750,47427,1.3179571663920924
2019-04-11,30750,30950,30150,30300,87915,-1.4634146341463417
2019-04-12,30300,30300,29800,29850,93667,-1.4851485148514851
2019-04-15,30000,30400,29800,30000,73869,0.5025125628140703
2019-04-16,29950,30250,29900,29900,51190,-0.33333333333333337
2019-04-17,30150,30150,29800,29950,32043,0.16722408026755853
2019-04-18,30150,30200,28700,28900,249267,-3.5058430717863103
2019-04-19,28900,29250,28600,29050,93503,0.5190311418685121
2019-04-22,29000,29300,28800,28900,50505,-0.5163511187607573
2019-04-23,28900,29050,28500,28850,47448,-0.17301038062283738
2019-04-24,29100,29100,28550,28700,89838,-0.5199306759098787
2019-04-25,28900,28900,28250,28250,83501,-1.5679442508710801
2019-04-26,28250,29600,28250,28250,247236,0.0
2019-04-29,28150,28400,27800,28350,74186,0.35398230088495575
2019-04-30,28550,28550,27650,27800,135573,-1.9400352733686066
2019-05-02,27000,27300,26750,26850,372667,-3.41726618705036
2019-05-03,26900,26950,26000,26150,301073,-2.60707635009311
2019-05-07,26400,26450,26100,26250,157173,0.3824091778202677
2019-05-08,25800,26350,25700,26200,87459,-0.19047619047619047
2019-05-09,26250,26250,25500,25500,129486,-2.6717557251908395
2019-05-10,25750,25900,25500,25800,75922,1.1764705882352942
2019-05-13,25550,25650,25350,25450,56829,-1.3565891472868217
2019-05-14,25150,26200,25000,26200,109184,2.9469548133595285
2019-05-15,25950,26350,25650,26350,90711,0.5725190839694656
2019-05-16,26400,26400,25350,25750,148394,-2.2770398481973433
2019-05-17,25900,25900,25300,25350,83018,-1.5533980582524272
2019-05-20,25450,25500,25000,25100,108019,-0.9861932938856016
2019-05-21,24950,25200,24800,24850,75283,-0.9960159362549801
2019-05-22,24850,25400,24650,24850,75365,0.0
2019-05-23,24550,24900,24400,24550,89205,-1.2072434607645874
2019-05-24,24300,24800,24000,24600,157793,0.20366598778004072
2019-05-27,24600,25000,24250,24900,76135,1.2195121951219512
2019-05-28,24950,25150,24550,24750,111378,-0.6024096385542169
2019-05-29,24900,24900,24400,24450,93116,-1.2121212121212122
2019-05-30,24450,25000,24050,24400,161233,-0.2044989775051125
2019-05-31,24400,25000,24300,24700,115234,1.2295081967213115
2019-06-03,24450,25850,24400,25700,149767,4.048582995951417
2019-06-04,25700,25950,25300,25650,69142,-0.19455252918287938
2019-06-05,25800,25900,25500,25700,54796,0.1949317738791423
2019-06-07,25700,25850,25450,25750,55676,0.19455252918287938
2019-06-10,25750,25950,25500,25850,51492,0.3883495145631068
2019-06-11,25700,26100,25600,25950,50248,0.3868471953578337
2019-06-12,26050,26350,25950,26050,61098,0.3853564547206166
2019-06-13,26000,26500,25650,26500,102140,1.727447216890595
2019-06-14,26350,26400,25900,25900,53754,-2.2641509433962264
2019-06-17,26050,26050,25700,25900,31455,0.0
2019-06-18,25700,26000,25700,25800,32049,-0.3861003861003861
2019-06-19,26150,26350,26050,26300,49745,1.937984496124031
2019-06-20,26300,26400,26000,26300,41131,0.0
2019-06-21,26500,26900,26450,26850,138742,2.091254752851711
2019-06-24,26950,27000,26250,26300,57693,-2.0484171322160147
2019-06-25,26650,26750,25900,26250,50092,-0.19011406844106463
2019-06-26,26050,26200,25800,25900,42073,-1.3333333333333335
2019-06-27,25900,26450,25750,26250,47217,1.3513513513513513
2019-06-28,26150,26300,25700,25900,47863,-1.3333333333333335
2019-07-01,26200,26400,25950,26200,46306,1.1583011583011582
2019-07-02,26100,26350,26050,26200,48594,0.0
2019-07-03,26200,26350,25700,25800,66478,-1.5267175572519083
2019-07-04,25900,26250,25550,26200,44340,1.550387596899225
2019-07-05,26300,26500,26100,26500,50459,1.1450381679389312
2019-07-08,26500,26500,25550,25550,66390,-3.5849056603773586
2019-07-09,25450,25650,25250,25400,40529,-0.5870841487279843
2019-07-10,25150,25600,25150,25350,42903,-0.19685039370078738
2019-07-11,25350,26100,25350,25700,51263,1.3806706114398422
2019-07-12,25600,25850,25550,25700,38351,0.0
2019-07-15,25850,25850,24650,25000,98135,-2.7237354085603114
2019-07-16,24900,25200,24750,25150,62380,0.6
2019-07-17,25100,25100,24500,24700,70524,-1.7892644135188867
2019-07-18,24550,24700,24150,24300,76102,-1.6194331983805668
2019-07-19,24150,25100,24150,25000,75381,2.880658436213992
2019-07-22,24850,25650,24750,25250,75343,1.0
2019-07-23,25250,25700,25250,25550,72906,1.188118811881188
2019-07-24,25450,26000,25350,25500,59601,-0.19569471624266144
2019-07-25,25550,25700,24600,24750,65347,-2.941176470588235
2019-07-26,24750,25050,24400,24900,66040,0.6060606060606061
2019-07-29,24900,24900,23900,23900,94972,-4.016064257028113
2019-07-30,24050,24600,23950,24100,35090,0.8368200836820083
2019-07-31,23700,24000,23550,23700,126637,-1.6597510373443984
2019-08-01,23500,23650,22850,23150,154922,-2.320675105485232
2019-08-02,22850,22850,22450,22600,110934,-2.375809935205184
2019-08-05,22400,22500,20800,21100,200610,-6.637168141592921
2019-08-06,20550,21400,20000,20950,178932,-0.7109004739336493
2019-08-07,20950,21200,20400,21100,123367,0.7159904534606205
2019-08-08,20750,21350,20750,21300,122990,0.9478672985781991
2019-08-09,21400,21950,21250,21450,80680,0.7042253521126761
2019-08-12,21200,21550,21050,21550,53316,0.4662004662004662
2019-08-13,21450,21500,20900,21100,79392,-2.088167053364269
2019-08-14,21550,21650,21250,21500,73336,1.8957345971563981
2019-08-16,21100,21300,20950,21200,58236,-1.3953488372093024
2019-08-19,21200,22000,21100,21800,86880,2.8301886792452833
2019-08-20,21850,22050,21500,21850,61666,0.22935779816513763
2019-08-21,21850,22250,21700,22250,53507,1.8306636155606408
2019-08-22,22250,22650,22000,22500,63846,1.1235955056179776
2019-08-23,22050,22350,21850,21850,56445,-2.888888888888889
2019-08-26,21250,21750,21150,21650,56549,-0.9153318077803204
2019-08-27,21700,21900,21450,21550,50454,-0.4618937644341801
2019-08-28,21450,21850,21350,21700,53113,0.6960556844547563
2019-08-29,21750,21800,21400,21500,43426,-0.9216589861751152
2019-08-30,21650,22200,21650,22000,66056,2.3255813953488373
2019-09-02,21750,22300,21750,22150,46930,0.6818181818181818
2019-09-03,22050,22300,21900,22000,43562,-0.6772009029345373
2019-09-04,21850,22200,21850,22150,57311,0.6818181818181818
2019-09-05,22550,22900,22400,22400,113622,1.1286681715575622
2019-09-06,22500,22700,22200,22300,53579,-0.4464285714285714
2019-09-09,22300,22650,22200,22250,56092,-0.2242152466367713
2019-09-10,22300,22850,22300,22700,65019,2.0224719101123596
2019-09-11,22800,23500,22800,23100,122616,1.762114537444934
2019-09-16,23300,24000,23150,23400,169766,1.2987012987012987
2019-09-17,23500,23500,23150,23250,39221,-0.641025641025641
2019-09-18,23250,23450,22800,23200,94189,-0.21505376344086022
2019-09-19,23050,23150,22900,23100,39922,-0.43103448275862066
2019-09-20,23100,23450,22750,23450,66893,1.5151515151515151
2019-09-23,23250,23350,22900,22900,61672,-2.345415778251599
2019-09-24,23000,23100,22800,22950,43497,0.21834061135371177
2019-09-25,22900,23000,22300,22350,75731,-2.6143790849673203
2019-09-26,22350,22750,22200,22300,45038,-0.22371364653243847
2019-09-27,22250,22450,21950,22100,39668,-0.8968609865470852
2019-09-30,22050,22400,21900,22300,28290,0.904977375565611
2019-10-01,22200,22800,22150,22450,42603,0.672645739910314
2019-10-02,22200,22300,21850,21850,70193,-2.6726057906458798
2019-10-04,21850,22000,21600,21700,27567,-0.6864988558352403
2019-10-07,21750,21800,21400,21500,37133,-0.9216589861751152
2019-10-08,21650,22100,21500,21950,63861,2.0930232558139537
2019-10-10,21700,21800,21350,21350,79486,-2.733485193621868
2019-10-11,21650,22150,21500,21650,88355,1.405152224824356
2019-10-14,21850,22550,21850,22400,57940,3.4642032332563506
2019-10-15,22350,22700,22300,22450,44321,0.2232142857142857
2019-10-16,22550,22800,22300,22300,52724,-0.6681514476614699
2019-10-17,22350,22750,22300,22450,46450,0.672645739910314
2019-10-18,22500,22800,22000,22000,82137,-2.0044543429844097
2019-10-21,22000,22350,21850,22100,35075,0.45454545454545453
2019-10-22,22350,22550,22150,22350,65698,1.1312217194570136
2019-10-23,22200,22350,21800,21950,52978,-1.7897091722595078
2019-10-24,21800,22000,21550,21800,48467,-0.683371298405467
2019-10-25,21850,21950,21150,21450,80294,-1.6055045871559634
2019-10-28,21600,21950,21500,21700,43006,1.1655011655011656
2019-10-29,21800,21850,21500,21650,44537,-0.2304147465437788
2019-10-30,21300,21350,20150,20300,409888,-6.235565819861432
2019-10-31,20400,20450,20150,20150,102131,-0.7389162561576355
2019-11-01,20200,20500,20150,20450,90516,1.488833746898263
2019-11-04,20400,21300,20400,21200,124970,3.6674816625916873
2019-11-05,21250,21750,21050,21550,121212,1.650943396226415
2019-11-06,21800,22650,21800,22000,199318,2.088167053364269
2019-11-07,21800,22350,21750,22100,94677,0.45454545454545453
2019-11-08,22200,22900,22200,22750,188977,2.941176470588235
2019-11-11,22750,22950,22300,22350,65245,-1.7582417582417582
2019-11-12,22300,22550,21850,22100,89481,-1.1185682326621924
2019-11-13,21900,22150,21600,21800,95671,-1.3574660633484164
2019-11-14,21950,22300,21600,22300,90277,2.293577981651376
2019-11-15,22100,22500,21900,22450,71218,0.672645739910314
2019-11-18,22400,22450,21850,22200,96973,-1.1135857461024499
2019-11-19,22000,22300,21800,22050,78437,-0.6756756756756757
2019-11-20,21950,22150,21600,21650,66702,-1.8140589569160999
2019-11-21,21650,21700,21150,21400,59993,-1.1547344110854503
2019-11-22,21650,21650,21150,21450,30651,0.23364485981308408
2019-11-25,21350,22000,21350,21900,55424,2.097902097902098
2019-11-26,21700,22250,21700,22250,76258,1.5981735159817352
2019-11-27,22350,22450,21850,21850,42969,-1.7977528089887642
2019-11-28,21650,21950,21400,21500,65649,-1.6018306636155606
2019-11-29,21600,21600,21200,21250,59183,-1.1627906976744187
2019-12-02,21600,21600,21050,21450,66444,0.9411764705882352
2019-12-03,21200,21250,20750,20950,109518,-2.331002331002331
2019-12-04,20750,20850,20550,20750,49746,-0.9546539379474941
2019-12-05,20700,21100,20650,21000,70764,1.2048192771084338
2019-12-06,21100,21450,20950,21100,72979,0.4761904761904762
2019-12-09,21400,22400,21250,22000,277074,4.265402843601896
2019-12-10,22100,22600,22000,22350,128210,1.5909090909090908
2019-12-11,22500,22650,21750,22350,95389,0.0
2019-12-12,22500,22750,22500,22650,123157,1.342281879194631
2019-12-13,23150,23550,22550,22850,256891,0.8830022075055187
2019-12-16,23050,23250,22900,23250,86316,1.75054704595186
2019-12-17,23150,24050,23050,23800,201617,2.3655913978494625
2019-12-18,23850,23950,23350,23700,105141,-0.42016806722689076
2019-12-19,23700,23700,23200,23450,83451,-1.0548523206751055
2019-12-20,23600,24050,23500,24000,125293,2.345415778251599
2019-12-23,23950,24100,23550,23650,81636,-1.4583333333333333
2019-12-24,23500,23800,23450,23500,54652,-0.6342494714587738
2019-12-26,23600,24000,23500,23750,98904,1.0638297872340425
2019-12-27,23500,24050,23350,23900,86573,0.631578947368421
2019-12-30,24200,24200,23600,23800,52283,-0.41841004184100417
2020-01-02,23600,23700,23250,23300,78597,-2.100840336134454
2020-01-03,23450,24100,23450,23750,127168,1.9313304721030045
2020-01-06,23650,23750,23000,23150,92998,-2.526315789473684
2020-01-07,23400,23450,23000,23250,56095,0.4319654427645789
2020-01-08,22950,23100,22500,22650,100688,-2.5806451612903225
2020-01-09,22700,23000,22550,22950,90474,1.3245033112582782
2020-01-10,22850,23100,22350,22800,140107,-0.6535947712418301
2020-01-13,22800,22950,22500,22850,67910,0.21929824561403508
2020-01-14,23500,24600,23300,24350,424729,6.564551422319474
2020-01-15,24400,24750,23800,24300,184419,-0.20533880903490762
2020-01-16,24300,24500,23850,24150,106550,-0.6172839506172839
2020-01-17,24400,24600,24300,24450,116944,1.2422360248447204
2020-01-20,24500,24700,24100,24100,114570,-1.4314928425357873
2020-01-21,23950,24500,23850,24250,128046,0.6224066390041494
2020-01-22,24100,24100,23600,23750,77458,-2.0618556701030926
2020-01-23,23350,23600,23250,23300,84647,-1.8947368421052633
2020-01-28,22500,22900,21450,21500,272926,-7.725321888412018
2020-01-29,21600,21850,21150,21500,124483,0.0
2020-01-30,21600,21650,20750,20900,149762,-2.7906976744186047
2020-01-31,20900,21150,20550,20550,106241,-1.674641148325359
2020-02-03,20150,20550,19950,20400,144259,-0.7299270072992701
2020-02-04,20300,21000,20250,20900,139753,2.450980392156863
2020-02-05,21050,21350,20700,21200,111632,1.4354066985645932
2020-02-06,21450,23350,21450,23000,367662,8.49056603773585
2020-02-07,22800,23200,22450,22950,124338,-0.21739130434782608
2020-02-10,22750,22750,22050,22600,144452,-1.5250544662309369
2020-02-11,22550,23100,22350,22750,139837,0.6637168141592921
2020-02-12,22550,22800,22150,22800,134279,0.21978021978021978
2020-02-13,22950,22950,22500,22550,91046,-1.0964912280701753
2020-02-14,22400,23650,22400,22950,205784,1.7738359201773837
2020-02-17,22950,23100,22550,22750,72621,-0.8714596949891068
2020-02-18,22600,22850,22450,22600,70691,-0.6593406593406593
2020-02-19,22850,22850,22000,22200,102063,-1.7699115044247788
2020-02-20,22400,22450,21500,21500,100647,-3.153153153153153
2020-02-21,21450,21600,21050,21050,99930,-2.0930232558139537
2020-02-24,20600,20900,20350,20350,133735,-3.32541567695962
2020-02-25,20450,21050,20150,20800,108799,2.211302211302211
2020-02-26,20400,21000,20350,20700,112650,-0.4807692307692308
2020-02-27,20600,20850,20500,20800,105151,0.4830917874396135
2020-02-28,20500,20550,20100,20400,198702,-1.9230769230769231
2020-03-02,20300,20800,20100,20700,94218,1.4705882352941175
2020-03-03,21250,21600,20600,20750,102723,0.24154589371980675
2020-03-04,20600,21050,20550,21050,72752,1.4457831325301205
2020-03-05,21300,21300,20850,21050,84112,0.0
2020-03-06,20900,20900,20350,20550,108277,-2.375296912114014
2020-03-09,20150,20300,20000,20200,161107,-1.70316301703163
2020-03-10,19850,20550,19850,20400,157692,0.9900990099009901
2020-03-11,20450,20450,19850,20000,148948,-1.9607843137254901
2020-03-12,19950,20000,18550,18750,205180,-6.25
2020-03-13,16700,17900,16500,17300,292606,-7.733333333333333
2020-03-16,17800,17900,16800,16850,199828,-2.601156069364162
2020-03-17,15850,16600,15800,16500,257650,-2.0771513353115725
2020-03-18,16400,16800,16000,16050,216284,-2.727272727272727
2020-03-19,16500,16500,13800,13800,266764,-14.018691588785046
2020-03-20,14000,16000,13500,16000,280535,15.942028985507244
2020-03-23,14500,15200,13900,14150,203602,-11.5625
2020-03-24,14350,15350,14300,15350,159111,8.480565371024735
2020-03-25,16000,16950,16000,16600,200228,8.143322475570033
2020-03-26,17200,17250,16600,16800,240491,1.2048192771084338
2020-03-27,19900,19900,16700,17350,338455,3.273809523809524
2020-03-30,16850,17650,16350,17250,141481,-0.5763688760806917
2020-03-31,17350,18000,17300,17650,176631,2.318840579710145
2020-04-01,18150,18850,17250,17650,262839,0.0
2020-04-02,17650,18300,17100,18200,149837,3.1161473087818696
2020-04-03,18100,18400,17900,18250,102887,0.27472527472527475
2020-04-06,18500,18550,18100,18450,225349,1.095890410958904
2020-04-07,18900,18900,18300,18500,184943,0.27100271002710025
2020-04-08,18400,18450,18050,18100,141319,-2.1621621621621623
2020-04-09,18450,18450,17950,18150,114915,0.2762430939226519
2020-04-10,18100,18500,17950,18450,159122,1.6528925619834711
2020-04-13,18250,18650,18100,18100,107060,-1.8970189701897018
2020-04-14,18200,18400,18100,18250,73116,0.8287292817679558
2020-04-16,18000,18700,17550,18650,233676,2.191780821917808
2020-04-17,19100,20100,19100,19450,315433,4.289544235924933
2020-04-20,19450,20400,19000,20100,274030,3.3419023136246784
2020-04-21,20100,24900,19800,20700,3100956,2.9850746268656714
2020-04-22,20800,21400,20150,20850,668971,0.7246376811594203
2020-04-23,21300,21450,20650,20650,500996,-0.9592326139088728
2020-04-24,21000,23000,20850,22000,1691825,6.5375302663438255
2020-04-27,21800,22250,21050,21350,478694,-2.9545454545454546
2020-04-28,21350,22800,20900,21600,797791,1.1709601873536302
2020-04-29,21250,22000,21100,21150,416228,-2.083333333333333
2020-05-04,19900,20200,19600,19600,433853,-7.328605200945626
2020-05-06,19900,19950,19500,19750,222108,0.7653061224489796
2020-05-07,19700,19950,19600,19900,159691,0.7594936708860759
2020-05-08,20050,20450,20000,20150,232164,1.256281407035176
2020-05-11,20300,20500,19900,20000,195700,-0.7444168734491315
2020-05-12,20050,20050,19250,19300,225039,-3.5000000000000004
2020-05-13,19000,19400,18600,19300,215060,0.0
2020-05-14,19200,19200,18750,19050,113474,-1.2953367875647668
2020-05-15,19250,19250,18800,19000,106813,-0.26246719160104987
2020-05-18,19050,19100,18600,19100,122865,0.5263157894736842
2020-05-19,19850,20750,19550,20600,586346,7.853403141361256
2020-05-20,20600,21450,20500,21100,358953,2.4271844660194173
2020-05-21,21100,21800,21000,21150,272466,0.23696682464454977
2020-05-22,21150,21450,20350,20500,207642,-3.0732860520094563
2020-05-25,20750,20750,20000,20100,119186,-1.951219512195122
2020-05-26,20650,20900,20300,20550,193235,2.2388059701492535
2020-05-27,20600,21150,20600,20800,205239,1.2165450121654502
2020-05-28,20900,21050,20200,20350,249215,-2.1634615384615383
2020-05-29,20400,20550,19800,19800,212212,-2.7027027027027026
2020-06-01,20200,20600,20150,20500,167399,3.535353535353535
2020-06-02,20550,21800,20500,21650,594573,5.609756097560976
2020-06-03,22800,22800,21850,22250,769187,2.771362586605081
2020-06-04,22650,22950,21900,22250,396103,0.0
2020-06-05,22250,22450,21700,22200,249661,-0.22471910112359553
2020-06-08,22950,23000,22300,22500,376831,1.3513513513513513
2020-06-09,22900,23150,22550,22950,419595,2.0
2020-06-10,22950,23050,22400,22600,252867,-1.5250544662309369
2020-06-11,22700,23650,22250,22450,629591,-0.6637168141592921
2020-06-12,21300,21600,21050,21400,325139,-4.67706013363029
2020-06-15,21750,22100,19950,19950,553999,-6.775700934579438
2020-06-16,20500,21800,20300,21800,474813,9.273182957393484
2020-06-17,23850,24200,22000,23000,2480483,5.5045871559633035
2020-06-18,23250,23300,22150,22300,664142,-3.0434782608695654
2020-06-19,22600,23150,21500,21650,689420,-2.914798206278027
2020-06-22,21550,21650,20900,21300,276167,-1.6166281755196306
2020-06-23,21500,21950,21350,21600,253264,1.4084507042253522
2020-06-24,21350,21500,20950,21050,285059,-2.5462962962962963
2020-06-25,20800,21100,20500,20500,209291,-2.6128266033254155
2020-06-26,20800,21050,20700,20900,165003,1.951219512195122
2020-06-29,20750,20850,20400,20700,71050,-0.9569377990430622
2020-06-30,21650,21900,21500,21850,436361,5.555555555555555
2020-07-01,22300,22350,21800,22200,276632,1.6018306636155606
2020-07-02,22250,23950,22250,23400,845679,5.405405405405405
2020-07-03,23700,23850,23150,23200,285969,-0.8547008547008548
2020-07-06,23250,23600,22800,23150,227823,-0.21551724137931033
2020-07-07,23500,23500,22850,22900,238934,-1.079913606911447
2020-07-08,22800,23500,22700,23300,229063,1.7467248908296942
2020-07-09,23650,23900,23100,23150,266642,-0.6437768240343348
2020-07-10,23400,23400,22450,22850,266676,-1.2958963282937366
2020-07-13,23350,23350,22750,23200,159852,1.5317286652078774
2020-07-14,23200,23200,22500,22650,159261,-2.3706896551724137
2020-07-15,22850,23450,22800,23150,348476,2.207505518763797
2020-07-16,23250,23250,22500,22550,214242,-2.591792656587473
2020-07-17,22600,22750,22300,22550,141472,0.0
2020-07-20,22600,23000,22550,22800,190484,1.1086474501108647
2020-07-21,22850,23000,22500,22600,204894,-0.8771929824561403
2020-07-22,22850,26300,22800,24650,2158989,9.070796460176991
2020-07-23,24650,24650,23800,24200,408132,-1.8255578093306288
2020-07-24,23850,23950,23000,23150,316388,-4.338842975206612
2020-07-27,23000,24300,23000,23750,285962,2.591792656587473
2020-07-28,24300,24300,23250,23500,274497,-1.0526315789473684
2020-07-29,23500,24250,23150,23600,276436,0.425531914893617
2020-07-30,23800,24650,23300,24300,498271,2.9661016949152543
2020-07-31,24850,24900,24100,24250,435979,-0.205761316872428
2020-08-03,24650,25000,24450,24700,266555,1.8556701030927836
2020-08-04,25100,25650,24850,25450,406255,3.0364372469635628
2020-08-05,25500,25550,24950,25500,298413,0.19646365422396855
2020-08-06,25700,26250,25300,25700,414184,0.7843137254901961
2020-08-07,25750,26100,25100,25250,286507,-1.7509727626459144
2020-08-10,25450,25700,25050,25550,278662,1.188118811881188
2020-08-11,25700,26350,25550,26300,430246,2.935420743639922
2020-08-12,26000,26100,24800,25050,426550,-4.752851711026616
2020-08-13,25250,25300,24500,25100,315597,0.19960079840319359
2020-08-14,25100,25150,24450,24750,168092,-1.394422310756972
2020-08-18,24700,24750,23750,23800,295227,-3.8383838383838382
2020-08-19,24000,24550,23700,24150,264303,1.4705882352941175
2020-08-20,24050,24800,22750,22800,451788,-5.590062111801243
2020-08-21,23400,24200,23100,23900,297967,4.824561403508771
2020-08-24,23700,23850,22700,23650,314031,-1.0460251046025104
2020-08-25,23850,24200,23500,23950,299891,1.2684989429175475
2020-08-26,24000,24300,23350,23550,219061,-1.6701461377870561
2020-08-27,23600,23650,22850,22900,193645,-2.7600849256900215
2020-08-28,22850,23200,22800,23050,176780,0.6550218340611353
2020-08-31,23250,23450,22950,23150,174762,0.43383947939262474
2020-09-01,23150,23450,22900,23450,152630,1.2958963282937366
2020-09-02,23700,24050,23400,23600,162742,0.6396588486140725
2020-09-03,23800,23850,23300,23400,200606,-0.847457627118644
2020-09-04,22800,23250,22650,23000,192403,-1.7094017094017095
2020-09-07,23300,24150,23050,23850,314022,3.6956521739130435
2020-09-08,25000,25200,24250,24550,425608,2.9350104821802936
2020-09-09,23900,24200,23700,23900,184621,-2.6476578411405294
2020-09-10,24400,24400,23900,23900,175901,0.0
2020-09-11,23700,24050,23600,23800,98295,-0.41841004184100417
2020-09-14,24250,24900,24150,24800,312064,4.201680672268908
2020-09-15,24700,24850,24300,24850,171843,0.20161290322580644
2020-09-16,25350,25800,25100,25100,498314,1.0060362173038229
2020-09-17,25200,26350,25150,25500,765914,1.593625498007968
2020-09-18,25850,26150,25000,25200,340310,-1.1764705882352942
2020-09-21,25400,26200,25250,25600,356195,1.5873015873015872
2020-09-22,25500,25700,24500,24550,284353,-4.1015625
2020-09-23,24750,25000,24050,24500,184935,-0.20366598778004072
2020-09-24,24000,24100,23000,23250,282771,-5.1020408163265305
2020-09-25,23650,23700,23250,23400,113361,0.6451612903225806
2020-09-28,23650,24050,23600,23650,160179,1.0683760683760684
2020-09-29,23900,24150,23500,23800,156767,0.6342494714587738
2020-10-05,24200,25100,24150,25000,312072,5.042016806722689
2020-10-06,25000,25600,24800,25600,261450,2.4
2020-10-07,25300,25350,24900,25200,174030,-1.5625
2020-10-08,25500,26150,25450,25900,410628,2.7777777777777777
2020-10-12,26000,26150,25300,26050,309922,0.5791505791505791
2020-10-13,26000,26000,25200,25800,214271,-0.9596928982725527
2020-10-14,25850,25900,25150,25200,178609,-2.3255813953488373
2020-10-15,25100,25700,24800,24850,189295,-1.3888888888888888
2020-10-16,25200,26050,24950,25350,405384,2.0120724346076457
2020-10-19,25600,26600,25450,26450,729520,4.339250493096647
2020-10-20,26400,26500,25200,25650,456355,-3.0245746691871456
2020-10-21,25900,27400,25800,27000,1288063,5.263157894736842
2020-10-22,26850,28300,26750,27700,997118,2.5925925925925926
2020-10-23,27800,27800,26800,26900,349422,-2.888086642599278
2020-10-26,26900,27150,26250,26350,292549,-2.0446096654275094
2020-10-27,26400,27400,25450,25800,438077,-2.0872865275142316
2020-10-28,25800,26450,25550,26400,194671,2.3255813953488373
2020-10-29,25700,25900,25000,25500,418257,-3.4090909090909087
2020-10-30,25350,25450,24250,24450,368144,-4.117647058823529
2020-11-02,25050,25050,24450,24750,312644,1.2269938650306749
2020-11-03,24950,27200,24950,25400,914327,2.6262626262626263
2020-11-04,25500,25600,24450,24750,403773,-2.559055118110236
2020-11-05,25400,25800,25200,25450,372207,2.8282828282828283
2020-11-06,25600,25700,25250,25300,210975,-0.5893909626719057
2020-11-09,25900,25900,25400,25750,422320,1.7786561264822136
2020-11-10,25900,26650,25600,26450,495671,2.7184466019417477
2020-11-11,26450,26950,26050,26750,330413,1.1342155009451798
2020-11-12,26850,26850,26050,26300,258463,-1.6822429906542056
2020-11-13,26400,26400,25750,25900,232423,-1.520912547528517
2020-11-16,26050,26700,25900,26550,340522,2.5096525096525095
2020-11-17,26900,27200,26550,26650,296959,0.3766478342749529
2020-11-18,26750,26750,26200,26250,188004,-1.5009380863039399
2020-11-19,26250,26250,25600,26050,180905,-0.7619047619047619
2020-11-20,26050,26350,25850,26200,133337,0.5758157389635317
2020-11-23,26500,27550,26300,27500,572704,4.961832061068702
2020-11-24,27700,27700,27050,27200,295973,-1.090909090909091
2020-11-25,27500,27850,26700,26850,343890,-1.2867647058823528
2020-11-26,26650,27150,26650,26800,190741,-0.186219739292365
2020-11-27,26800,27100,26600,26950,183315,0.5597014925373134
2020-11-30,27150,27550,27050,27400,324017,1.6697588126159555
2020-12-01,27450,27800,27250,27650,268633,0.9124087591240875
2020-12-02,27900,27950,27500,27750,193720,0.3616636528028933
2020-12-03,27950,28000,27100,27700,268018,-0.18018018018018017
2020-12-04,27850,29200,27700,28800,765018,3.9711191335740073
2020-12-07,29400,29750,28850,29300,474977,1.7361111111111112
2020-12-08,29450,29650,28500,28750,322068,-1.877133105802048
2020-12-09,28800,29150,28650,29050,377469,1.0434782608695654
2020-12-10,28800,29300,28500,28900,327608,-0.5163511187607573
2020-12-11,29150,29350,28750,29300,260521,1.384083044982699
2020-12-14,29200,29200,28300,28450,436285,-2.901023890784983
2020-12-15,28550,28700,27900,28100,272316,-1.2302284710017575
2020-12-16,28450,28650,28050,28500,238396,1.4234875444839856
2020-12-17,28550,28550,27750,28050,295178,-1.5789473684210527
2020-12-18,28100,28400,27950,28100,243810,0.17825311942959002
2020-12-21,28400,28450,27750,28200,271279,0.3558718861209964
2020-12-22,28000,28350,27550,27550,230671,-2.304964539007092
2020-12-23,27900,27900,26750,27100,393025,-1.6333938294010888
2020-12-24,27350,27800,27150,27400,187288,1.107011070110701
2020-12-28,27600,27750,27000,27200,226872,-0.7299270072992701
2020-12-29,27150,27350,26800,27000,210640,-0.7352941176470588
2020-12-30,27000,28050,27000,27950,333990,3.5185185185185186
2021-01-04,28350,28350,27800,28200,385323,0.8944543828264758
2021-01-05,28200,29600,28050,29450,715323,4.432624113475177
2021-01-06,29950,30450,29000,29050,591316,-1.3582342954159592
2021-01-07,29800,31650,29750,30900,1184979,6.368330464716007
2021-01-08,31100,31450,30450,31250,617812,1.132686084142395
2021-01-11,31700,31700,29350,30200,692310,-3.36
2021-01-12,30150,30150,29050,29750,464460,-1.490066225165563
2021-01-13,30000,30250,29450,30050,249491,1.0084033613445378
2021-01-14,30650,31200,30050,30200,401941,0.49916805324459235
2021-01-15,30750,30750,29800,29800,280123,-1.3245033112582782
2021-01-18,29650,29650,28850,29200,339115,-2.013422818791946
2021-01-19,30950,32150,29950,30350,1358108,3.9383561643835616
2021-01-20,30500,30550,29900,30250,298992,-0.3294892915980231
2021-01-21,30650,30700,30100,30250,299853,0.0
2021-01-22,30400,30400,29850,30000,297709,-0.8264462809917356
2021-01-25,30100,30800,30100,30800,343255,2.666666666666667
2021-01-26,31000,33300,30500,31200,1317135,1.2987012987012987
2021-01-27,31350,31650,31000,31250,266218,0.16025641025641024
2021-01-28,30500,30500,29950,30100,298697,-3.6799999999999997
2021-01-29,30350,30450,28400,28500,423594,-5.3156146179401995
2021-02-01,28550,28900,28150,28800,279501,1.0526315789473684
2021-02-02,29750,29900,29100,29500,335316,2.430555555555556
2021-02-03,29600,29700,29000,29200,242027,-1.0169491525423728
2021-02-04,29350,29350,28600,28900,204309,-1.0273972602739725
2021-02-05,29150,29350,28800,29350,173183,1.5570934256055362
2021-02-08,29950,30300,29500,29700,268607,1.192504258943782
2021-02-09,31000,31200,29900,29950,441005,0.8417508417508417
2021-02-10,30050,30350,29700,29850,240377,-0.333889816360601
2021-02-15,30200,30900,30050,30850,376500,3.350083752093802
2021-02-16,31700,34550,31650,33100,2890869,7.293354943273905
2021-02-17,33850,34850,33100,34500,2366198,4.229607250755287
2021-02-18,34700,34750,33050,33050,866274,-4.202898550724638
2021-02-19,33400,33650,32000,32950,478794,-0.30257186081694404
2021-02-22,33950,37400,33700,36600,2877677,11.077389984825494
2021-02-23,36900,39700,35050,35300,2256716,-3.551912568306011
2021-02-24,35900,37050,34600,34750,1221540,-1.5580736543909348
2021-02-25,36750,36800,35650,36500,727610,5.0359712230215825
2021-02-26,35500,36600,34700,36600,678843,0.273972602739726
2021-03-02,36600,36650,34700,35450,894373,-3.1420765027322406
2021-03-03,35700,36500,35250,35650,673417,0.5641748942172073
2021-03-04,35000,35350,34050,34700,443844,-2.664796633941094
2021-03-05,33750,34600,33050,34550,530257,-0.43227665706051877
2021-03-08,34700,35600,34150,34200,549491,-1.0130246020260492
2021-03-09,34500,34800,33450,34050,307860,-0.43859649122807015
2021-03-10,34100,34200,32600,32650,457209,-4.1116005873715125
2021-03-11,32700,33050,31950,32450,446166,-0.6125574272588056
2021-03-12,32850,33300,32400,32900,305674,1.386748844375963
2021-03-15,33150,33150,32400,32800,255517,-0.303951367781155
2021-03-16,33100,33550,32700,32750,356827,-0.1524390243902439
2021-03-17,32550,32600,31700,32250,393629,-1.5267175572519083
2021-03-18,32550,32600,32100,32250,227665,0.0
2021-03-19,31900,32050,31600,31900,249813,-1.0852713178294573
2021-03-22,32000,32350,31550,32350,230483,1.4106583072100314
2021-03-23,32500,32850,31500,31700,343321,-2.009273570324575
2021-03-24,31400,31850,31150,31750,209481,0.15772870662460567
2021-03-25,31850,32150,31550,31900,163496,0.47244094488188976
2021-03-26,32050,32700,31700,32550,298478,2.037617554858934
2021-03-29,33250,33350,32800,33000,411651,1.3824884792626728
2021-03-30,33350,33500,32500,32850,260369,-0.45454545454545453
2021-03-31,33150,33500,32850,33500,313046,1.97869101978691
2021-04-01,33700,33700,32950,33200,202985,-0.8955223880597015
2021-04-02,33350,33450,32800,32900,210768,-0.9036144578313252
2021-04-05,32950,33200,32450,33150,179381,0.7598784194528876
2021-04-06,33350,33500,32750,33000,229273,-0.4524886877828055
2021-04-07,33300,34300,33150,33600,376374,1.8181818181818181
2021-04-08,33450,34150,33300,33750,260739,0.4464285714285714
2021-04-09,33800,33900,33100,33200,259153,-1.6296296296296295
2021-04-12,33200,33300,32800,33000,178613,-0.6024096385542169
2021-04-13,33100,33400,32850,33050,247703,0.15151515151515152
2021-04-14,32950,33150,32750,33100,206517,0.15128593040847202
2021-04-15,33400,35250,33300,35000,1096911,5.740181268882175
2021-04-16,36050,36500,34800,35150,1019892,0.4285714285714286
2021-04-19,35100,35800,35000,35200,370602,0.1422475106685633
2021-04-20,35350,36400,35350,35950,854306,2.130681818181818
2021-04-21,35500,35600,34700,34950,488001,-2.781641168289291
2021-04-22,35150,35200,34500,34700,288716,-0.7153075822603719
2021-04-23,34800,35550,34750,35300,337784,1.729106628242075
2021-04-26,36050,36850,35750,35850,692864,1.5580736543909348
2021-04-27,36650,39100,36400,38900,2018065,8.507670850767084
2021-04-28,39300,39550,37200,37450,1303000,-3.7275064267352187
2021-04-29,37800,39000,36700,38650,1097950,3.204272363150868
2021-04-30,39100,39200,36900,37600,679185,-2.716688227684347
2021-05-03,37500,39600,37300,37950,877088,0.9308510638297872
2021-05-04,38500,38850,37300,37950,466684,0.0
2021-05-06,38700,41650,38300,41250,1924181,8.695652173913043
2021-05-07,41650,43150,41000,41650,1299742,0.9696969696969697
2021-05-10,42900,45000,42800,44250,1492074,6.24249699879952
2021-05-11,43800,47950,43550,47300,1931126,6.892655367231638
2021-05-12,48100,49950,45950,46950,2012315,-0.7399577167019027
2021-05-13,45850,48700,43900,44900,1568162,-4.366347177848776
2021-05-14,45150,45800,43000,43550,1039452,-3.0066815144766146
2021-05-17,43850,44200,42400,42650,601276,-2.066590126291619
2021-05-18,43200,44250,43000,43400,591001,1.7584994138335288
2021-05-20,41900,42050,40500,41550,874437,-4.262672811059908
2021-05-21,41600,41750,40300,40900,612223,-1.5643802647412757
2021-05-24,40400,41050,39400,40000,457810,-2.2004889975550124
2021-05-25,40500,40700,39650,40200,536833,0.5
2021-05-26,39750,39800,38600,38850,787661,-3.3582089552238807
2021-05-27,39250,39900,38750,39100,549492,0.6435006435006435
2021-05-28,40400,41350,40200,40450,1158428,3.4526854219948846
2021-05-31,40850,40900,39750,40200,397379,-0.6180469715698393
2021-06-01,40450,41650,40350,40450,615578,0.6218905472636816
2021-06-02,40900,40950,40500,40600,362387,0.3708281829419036
2021-06-03,40600,40600,39800,40150,409768,-1.1083743842364533
2021-06-04,39600,40000,39100,39850,342557,-0.7471980074719801
2021-06-07,40000,40200,38850,39000,475759,-2.132998745294856
2021-06-08,38950,39300,38450,39100,284859,0.2564102564102564
2021-06-09,39100,39300,38450,38450,264480,-1.6624040920716114
2021-06-10,38450,38950,38000,38500,264327,0.13003901170351106
2021-06-11,38800,39900,38650,39500,461025,2.5974025974025974
2021-06-14,39950,39950,39100,39200,213729,-0.7594936708860759
2021-06-15,39400,39800,38850,39050,340967,-0.3826530612244898
2021-06-16,38550,38900,38250,38850,272409,-0.5121638924455826
2021-06-17,38750,38750,38350,38550,223168,-0.7722007722007722
2021-06-18,38150,38350,37600,37800,634411,-1.9455252918287937
2021-06-21,37250,37300,36200,36450,700539,-3.571428571428571
2021-06-22,36850,37700,36850,37550,349822,3.017832647462277
2021-06-23,37700,37900,37050,37300,274905,-0.6657789613848202
2021-06-24,37950,38000,37450,37700,275137,1.0723860589812333
2021-06-25,38000,38650,37750,38600,374366,2.3872679045092835
2021-06-28,38700,38700,37900,38400,191332,-0.5181347150259068
2021-06-29,38400,38400,37800,38050,163923,-0.9114583333333334
2021-06-30,38050,38150,37500,38150,171614,0.2628120893561104
2021-07-01,38250,38550,37800,38000,136432,-0.39318479685452157
2021-07-02,37850,38100,37800,38050,132421,0.13157894736842105
2021-07-05,38100,38150,37600,37850,156995,-0.5256241787122208
2021-07-06,38000,38300,37850,38150,176076,0.7926023778071334
2021-07-07,38150,38150,37350,37600,226518,-1.4416775884665793
2021-07-08,37550,38950,37450,37850,498638,0.6648936170212766
2021-07-09,37350,37400,36200,36800,403665,-2.7741083223249667
2021-07-12,37250,37550,36900,37150,163095,0.9510869565217392
2021-07-13,37350,38200,37350,38050,252209,2.4226110363391657
2021-07-14,37800,38200,37350,38100,206308,0.1314060446780552
2021-07-15,38600,39150,38100,38350,407741,0.6561679790026247
2021-07-16,38550,39300,38400,38850,398027,1.303780964797914
2021-07-19,38600,38600,37500,37800,265790,-2.7027027027027026
2021-07-20,36400,37200,36350,37050,267758,-1.984126984126984
2021-07-21,37700,38150,37350,37450,187470,1.0796221322537112
2021-07-22,38000,38950,37800,38800,494598,3.6048064085447264
2021-07-23,38850,39600,38700,39200,368181,1.0309278350515463
2021-07-26,40000,40400,39250,39300,602409,0.25510204081632654
2021-07-27,40200,40300,39050,39600,408414,0.7633587786259541
2021-07-28,39600,39800,39200,39500,255176,-0.25252525252525254
2021-07-29,39650,40100,39250,40050,504811,1.3924050632911391
2021-07-30,40450,40500,38450,38550,763978,-3.7453183520599254
2021-08-02,38550,39050,37950,38950,259862,1.0376134889753565
2021-08-03,38750,38800,37900,37950,253857,-2.5673940949935816
2021-08-04,38150,39100,37900,38900,298324,2.503293807641634
2021-08-05,38600,38850,38200,38450,236214,-1.1568123393316194
2021-08-06,38450,38450,38050,38200,163416,-0.6501950585175552
2021-08-09,38000,38000,37300,37700,197508,-1.3089005235602094
2021-08-10,37700,37700,37000,37250,183683,-1.1936339522546418
2021-08-11,37350,37900,37000,37150,163914,-0.2684563758389262
2021-08-12,37350,37900,37200,37500,167824,0.9421265141318977
2021-08-13,37500,37500,36150,36800,262842,-1.866666666666667
2021-08-17,36400,36800,35300,35450,257623,-3.6684782608695654
2021-08-18,35100,35800,34550,35750,174347,0.846262341325811
2021-08-19,35150,35150,33700,33800,381490,-5.454545454545454
2021-08-20,33750,34000,32700,32900,262325,-2.6627218934911245
2021-08-23,32800,33700,32800,33450,139596,1.6717325227963524
2021-08-24,33850,34750,33850,34650,177779,3.587443946188341
2021-08-25,34700,35050,34200,34550,106854,-0.2886002886002886
2021-08-26,34550,34800,34050,34200,115898,-1.0130246020260492
2021-08-27,34300,34450,33950,34200,95081,0.0
2021-08-30,34900,35500,34550,35350,179122,3.3625730994152043
2021-08-31,35350,35600,35050,35450,121688,0.2828854314002829
2021-09-01,35350,35800,35200,35650,92930,0.5641748942172073
2021-09-02,35650,36000,35300,35550,116281,-0.2805049088359046
2021-09-03,35450,35800,35250,35550,104534,0.0
2021-09-06,35600,35650,35200,35600,69448,0.14064697609001406
2021-09-07,35650,36500,35500,35950,174784,0.9831460674157303
2021-09-08,35950,36250,35450,35650,155061,-0.8344923504867872
2021-09-09,35250,35500,34500,34550,188755,-3.0855539971949506
2021-09-10,34750,34900,34200,34800,127887,0.723589001447178
2021-09-13,35050,36800,35050,36750,472551,5.603448275862069
2021-09-14,37300,37700,36450,36600,362290,-0.40816326530612246
2021-09-15,36300,36900,36150,36550,176350,-0.1366120218579235
2021-09-16,36950,37150,36000,36150,177950,-1.094391244870041
2021-09-17,35800,35850,35450,35700,136940,-1.2448132780082988
2021-09-23,35100,35300,34450,34750,178465,-2.661064425770308
2021-09-24,35000,35250,34550,34700,128825,-0.14388489208633093
2021-09-27,34450,34700,33850,34250,108786,-1.2968299711815563
2021-09-28,34300,34700,33850,33950,128704,-0.8759124087591241
2021-09-29,33300,33900,33150,33400,151221,-1.6200294550810017
2021-09-30,33400,33500,33150,33300,115394,-0.29940119760479045
2021-10-01,33050,33050,32300,32500,165117,-2.4024024024024024
2021-10-05,32000,33250,31650,32600,231727,0.3076923076923077
2021-10-06,32850,33400,31750,31750,176433,-2.607361963190184
2021-10-07,31750,32400,31750,32300,93892,1.7322834645669292
2021-10-08,33050,33100,31900,32200,157464,-0.30959752321981426
2021-10-12,32650,33200,32200,32350,145073,0.4658385093167702
2021-10-13,32500,32800,32000,32600,107465,0.7727975270479135
2021-10-14,33550,34150,33400,33700,274025,3.374233128834356
2021-10-15,34950,35100,34000,34050,209582,1.0385756676557862
2021-10-18,34900,35950,34600,35750,518957,4.992657856093979
2021-10-19,35400,35500,35100,35450,171568,-0.8391608391608392
2021-10-20,35150,35200,34150,34200,198808,-3.5260930888575457
2021-10-21,34150,34500,33850,33850,87821,-1.023391812865497
2021-10-22,33850,34400,33650,33900,130176,0.14771048744460857
2021-10-25,33850,34200,33250,34100,89665,0.5899705014749262
2021-10-26,34100,34350,33950,34050,72624,-0.1466275659824047
2021-10-27,33900,33900,33500,33750,90492,-0.881057268722467
2021-10-28,33750,33750,33050,33350,152415,-1.1851851851851851
2021-10-29,33700,33700,32950,33100,133224,-0.7496251874062968
2021-11-01,33100,34200,33100,33350,198820,0.7552870090634441
2021-11-02,33600,33900,33450,33700,96885,1.0494752623688157
2021-11-03,33850,33850,33050,33250,86825,-1.3353115727002967
2021-11-04,33350,33600,32700,32850,123269,-1.2030075187969926
2021-11-05,32900,32950,32000,32100,141666,-2.28310502283105
2021-11-08,32050,32500,31200,32300,160366,0.6230529595015576
2021-11-09,32350,32800,32000,32500,108533,0.6191950464396285
2021-11-10,32400,32400,31350,31850,124261,-2.0
2021-11-11,31350,31600,31150,31400,123685,-1.4128728414442702
2021-11-12,31950,32700,31900,32400,129677,3.1847133757961785
2021-11-15,32500,32950,32400,32800,97669,1.2345679012345678
2021-11-16,32600,32600,32150,32400,77147,-1.2195121951219512
2021-11-17,32100,32200,31500,31600,135417,-2.4691358024691357
2021-11-18,31400,31400,31100,31250,93562,-1.1075949367088607
2021-11-19,31150,31500,31000,31350,86361,0.32
2021-11-22,31350,31900,31050,31850,110835,1.5948963317384368
2021-11-23,31400,32100,31400,31800,68821,-0.15698587127158556
2021-11-24,31900,31950,31450,31650,73147,-0.4716981132075472
2021-11-25,31650,32500,31650,32200,119483,1.7377567140600316
2021-11-26,31900,32150,30500,30600,174639,-4.968944099378882
2021-11-29,29400,29950,29350,29650,191177,-3.104575163398693
2021-11-30,29900,30100,28500,28600,177940,-3.541315345699832
2021-12-01,28700,29950,28650,29550,131369,3.3216783216783217
2021-12-02,28950,30100,28900,29900,88171,1.1844331641285957
2021-12-03,30600,30700,30150,30500,85781,2.0066889632107023
2021-12-06,30050,30750,29850,30550,75521,0.16393442622950818
2021-12-07,30800,31350,30650,30900,81092,1.1456628477905073
2021-12-08,31050,31550,30650,30750,112535,-0.48543689320388345
2021-12-09,30950,31250,30800,31200,84538,1.4634146341463417
2021-12-10,31000,31500,30750,31500,70306,0.9615384615384616
2021-12-13,31500,31600,30900,31200,71577,-0.9523809523809524
2021-12-14,31050,31400,30800,30950,67223,-0.8012820512820512
2021-12-15,31200,31200,30650,30850,67345,-0.32310177705977383
2021-12-16,31100,31200,30700,30800,69150,-0.1620745542949757
2021-12-17,30550,31600,30550,31300,140710,1.6233766233766231
2021-12-20,31050,31050,30400,30450,87845,-2.7156549520766773
2021-12-21,30550,30750,30150,30500,75602,0.16420361247947454
2021-12-22,30600,31100,30600,31100,78234,1.9672131147540985
2021-12-23,31500,31650,31000,31200,100562,0.3215434083601286
2021-12-24,31200,31600,31200,31450,63700,0.8012820512820512
2021-12-27,31600,31600,31350,31450,63472,0.0
2021-12-28,31500,31650,31050,31600,143408,0.47694753577106513
2021-12-29,32000,32000,31250,31400,140651,-0.6329113924050633
2021-12-30,31650,31650,31100,31150,87578,-0.7961783439490446
2022-01-03,31350,31700,31150,31700,87516,1.7656500802568218
2022-01-04,31650,32600,31500,32500,188593,2.5236593059936907
2022-01-05,32600,32800,32100,32250,150530,-0.7692307692307693
2022-01-06,32150,32700,32000,32550,186675,0.9302325581395349
2022-01-07,32600,33000,32400,32450,131455,-0.30721966205837176
2022-01-10,32400,32700,32000,32250,79116,-0.6163328197226503
2022-01-11,32150,32450,31550,32100,104208,-0.46511627906976744
2022-01-12,32400,32900,32350,32600,165967,1.557632398753894
2022-01-13,33100,33850,33050,33550,283334,2.9141104294478524
2022-01-14,33650,34200,33250,33350,226332,-0.5961251862891207
2022-01-17,33350,33800,32950,32950,124525,-1.199400299850075
2022-01-18,33050,33150,32050,32100,143003,-2.579666160849772
2022-01-19,32100,33550,32100,33200,296607,3.4267912772585665
2022-01-20,33400,33500,32850,33100,170668,-0.30120481927710846
2022-01-21,32900,33500,32050,32300,233007,-2.416918429003021
2022-01-24,32000,32350,31000,31100,160848,-3.7151702786377707
2022-01-25,30950,31000,29950,29950,172437,-3.697749196141479
2022-01-26,29900,30400,29650,29650,136271,-1.001669449081803
2022-01-27,29950,30050,28750,28750,134190,-3.0354131534569984
2022-01-28,28800,29600,28450,29600,142097,2.9565217391304346
2022-02-03,30200,31100,30100,30700,138757,3.7162162162162162
2022-02-04,30500,31150,30400,31000,98744,0.9771986970684038
2022-02-07,31100,31250,30700,31100,92634,0.3225806451612903
2022-02-08,30950,31650,30650,31050,88461,-0.1607717041800643
2022-02-09,31300,32200,31300,31650,149660,1.932367149758454
2022-02-10,32300,32350,30800,30950,160388,-2.211690363349131
2022-02-11,30800,31900,30500,31200,181858,0.8077544426494345
2022-02-14,31300,33650,30750,32650,651162,4.647435897435898
2022-02-15,33300,33500,32050,32150,392464,-1.5313935681470139
2022-02-16,32050,32050,30900,31350,300719,-2.488335925349922
2022-02-17,31450,32550,31400,31850,296094,1.5948963317384368
2022-02-18,32100,32150,31400,31650,137356,-0.6279434850863422
2022-02-21,31700,31750,31150,31500,99375,-0.47393364928909953
2022-02-22,31450,31450,30850,30950,134064,-1.746031746031746
2022-02-23,31250,32350,31050,31950,193306,3.231017770597738
2022-02-24,31900,31950,31200,31700,154807,-0.7824726134585289
2022-02-25,31800,31900,31350,31600,140272,-0.31545741324921134
2022-02-28,31700,32350,31600,31800,144852,0.6329113924050633
2022-03-02,32250,34000,32150,33200,454012,4.40251572327044
2022-03-03,33650,33700,32650,32850,199092,-1.0542168674698795
2022-03-04,33150,34400,33100,34300,543113,4.41400304414003
2022-03-07,35250,36000,34950,35500,904740,3.498542274052478
2022-03-08,34900,35100,33000,33200,525658,-6.478873239436619
2022-03-10,32600,32800,31600,32650,375898,-1.6566265060240966
2022-03-11,32650,32900,32300,32800,163321,0.45941807044410415
2022-03-14,33050,34300,32850,33600,420323,2.4390243902439024
2022-03-15,33600,33600,32200,32250,240702,-4.017857142857143
2022-03-16,32550,32550,32050,32350,108116,0.31007751937984496
2022-03-17,32450,32850,31850,31950,197660,-1.2364760432766615
2022-03-18,32400,32450,31900,32450,136535,1.5649452269170578
2022-03-21,32550,32750,32250,32650,154360,0.6163328197226503
2022-03-22,32350,33450,32350,32900,163980,0.7656967840735069
2022-03-23,33300,33900,33000,33550,185718,1.9756838905775076
2022-03-24,33500,33950,33350,33800,122016,0.7451564828614009
2022-03-25,33800,33800,33400,33650,108697,-0.4437869822485207
2022-03-28,33550,33850,33000,33700,134962,0.1485884101040119
2022-03-29,33950,33950,33500,33600,113237,-0.2967359050445104
2022-03-30,33600,33800,32900,33000,129482,-1.7857142857142856
2022-03-31,33000,33300,32900,33200,68992,0.6060606060606061
2022-04-01,33300,33450,33000,33100,100858,-0.30120481927710846
2022-04-04,33100,33200,32750,32900,89641,-0.6042296072507553
2022-04-05,33050,33500,32850,33150,197001,0.7598784194528876
2022-04-06,33200,33350,32950,33300,106365,0.4524886877828055
2022-04-07,33150,33200,32050,32100,194345,-3.6036036036036037
2022-04-08,32400,32400,31600,32200,102364,0.3115264797507788
2022-04-11,32200,32600,31950,32500,73099,0.9316770186335404
2022-04-12,32300,32300,31750,32000,83469,-1.5384615384615385
2022-04-13,32250,32600,32100,32550,90427,1.7187500000000002
2022-04-14,32750,33500,32700,33400,204095,2.61136712749616
2022-04-15,33250,33500,33100,33400,106787,0.0
2022-04-18,33400,33500,33050,33450,67049,0.14970059880239522
2022-04-19,33500,33750,33400,33700,143846,0.7473841554559043
2022-04-20,33700,33900,33250,33800,119639,0.2967359050445104
2022-04-21,33900,33900,33650,33750,78370,-0.14792899408284024
2022-04-22,33500,33600,32850,33450,104802,-0.8888888888888888
2022-04-25,33050,33250,32700,32800,106881,-1.9431988041853512
2022-04-26,32800,32850,31700,32000,207285,-2.4390243902439024
2022-04-27,31600,31600,31150,31450,125001,-1.7187500000000002
2022-04-28,31500,32400,31300,32400,153113,3.0206677265500796
2022-04-29,32300,32300,31800,32000,98267,-1.2345679012345678
2022-05-02,31700,32650,31650,32450,110409,1.40625
2022-05-03,32400,32400,32000,32100,65530,-1.078582434514638
2022-05-04,32150,32150,31850,31850,73664,-0.778816199376947
2022-05-06,31500,31550,30700,30900,185628,-2.9827315541601256
2022-05-09,30900,30900,29900,29950,167715,-3.074433656957929
2022-05-10,29550,29600,28850,29550,179400,-1.335559265442404
2022-05-11,29600,29750,29250,29350,120936,-0.676818950930626
2022-05-12,29150,29650,28950,29050,103509,-1.0221465076660987
2022-05-13,29100,29800,29100,29800,92953,2.5817555938037864
2022-05-16,29950,30000,29600,29650,79218,-0.5033557046979865
2022-05-17,29600,30300,29600,30250,77292,2.0236087689713322
2022-05-18,30300,30600,29700,29800,94556,-1.487603305785124
2022-05-19,29350,29350,28900,29100,151563,-2.348993288590604
2022-05-20,29150,29500,29100,29500,65176,1.3745704467353952
2022-05-23,29600,29850,29500,29750,81738,0.847457627118644
2022-05-24,29700,29900,29500,29600,60127,-0.5042016806722689
2022-05-25,29700,30250,29700,30100,105553,1.6891891891891893
2022-05-26,30000,30450,29750,30050,84028,-0.16611295681063123
2022-05-27,30050,30300,29850,30000,81637,-0.16638935108153077
2022-05-30,31900,32450,30500,30500,608697,1.6666666666666667
2022-05-31,30700,30950,30300,30500,183934,0.0
2022-06-02,30500,30500,30050,30300,86606,-0.6557377049180327
2022-06-03,30700,30950,30650,30900,144002,1.9801980198019802
2022-06-07,30850,31400,30650,30850,164337,-0.16181229773462785
2022-06-08,30750,31050,30600,30600,108929,-0.8103727714748784
2022-06-09,30600,31100,30300,30900,176385,0.9803921568627451
2022-06-10,30500,30750,30250,30700,99251,-0.6472491909385114
2022-06-13,30300,30350,29350,29400,155009,-4.234527687296417
2022-06-14,28850,29150,28400,28700,167303,-2.380952380952381
2022-06-15,28700,28900,27800,27800,141200,-3.1358885017421603
2022-06-16,28000,28400,27800,27850,98300,0.1798561151079137
2022-06-17,27300,27600,27050,27600,144573,-0.8976660682226212
2022-06-20,27500,27600,26050,26300,132727,-4.710144927536232
2022-06-21,26300,26500,25950,26150,101793,-0.5703422053231939
2022-06-22,26300,26450,25000,25100,118221,-4.015296367112811
2022-06-23,24950,25550,24600,24800,119889,-1.1952191235059761
2022-06-24,24550,25300,24450,25050,135410,1.0080645161290323
2022-06-27,25250,25550,24850,25300,105627,0.998003992015968
2022-06-28,25400,25800,25350,25500,78456,0.7905138339920948
2022-06-29,25300,25450,25150,25150,55418,-1.3725490196078431
2022-06-30,25200,25300,24800,24800,84260,-1.3916500994035785
2022-07-01,24850,25150,24500,24600,98110,-0.8064516129032258
2022-07-04,24500,24650,23300,23750,170989,-3.4552845528455287
2022-07-05,23900,24500,23800,24500,74464,3.1578947368421053
2022-07-06,24350,24350,23450,23550,123520,-3.877551020408163
2022-07-07,23750,23850,23350,23750,83827,0.8492569002123143
2022-07-08,23950,24450,23950,24150,104757,1.6842105263157894
2022-07-11,24750,25150,24150,24150,123758,0.0
2022-07-12,24350,24400,23700,24000,105423,-0.6211180124223602
2022-07-13,24050,24200,23700,24050,61105,0.20833333333333334
2022-07-14,24100,25000,24100,24700,128971,2.7027027027027026
2022-07-15,25000,25000,23850,23900,125142,-3.2388663967611335
2022-07-18,24150,24500,24100,24300,67846,1.6736401673640167
2022-07-19,24450,25300,24350,25250,117450,3.909465020576132
2022-07-20,25550,25600,25100,25300,123299,0.19801980198019803
2022-07-21,25300,25300,25050,25200,57996,-0.3952569169960474
2022-07-22,25200,25550,25100,25350,92619,0.5952380952380952
2022-07-25,25450,26350,25300,25900,165219,2.1696252465483234
2022-07-26,26100,26350,25800,25900,86181,0.0
2022-07-27,26450,26500,25850,26100,100041,0.7722007722007722
2022-07-28,26450,26750,26100,26350,127544,0.9578544061302682
2022-07-29,26600,27700,26600,27700,241576,5.1233396584440225
2022-08-01,27850,28250,27300,27550,185857,-0.5415162454873645
2022-08-02,27950,27950,26950,27100,145149,-1.6333938294010888
2022-08-03,27000,27350,26900,26950,76298,-0.5535055350553505
2022-08-04,27200,27250,26650,26700,92687,-0.927643784786642
2022-08-05,26750,27150,26750,26950,72936,0.9363295880149813
2022-08-08,26950,27700,26900,27550,120691,2.2263450834879404
2022-08-09,27800,27800,27350,27400,76552,-0.5444646098003629
2022-08-10,27500,27850,27250,27450,60436,0.18248175182481752
2022-08-11,27600,28050,27600,27950,117415,1.8214936247723135
2022-08-12,28050,28400,27900,28000,95768,0.17889087656529518
2022-08-16,28050,28400,27600,27700,109730,-1.0714285714285714
2022-08-17,27700,28000,27300,27450,89143,-0.9025270758122743
2022-08-18,27500,27500,27000,27400,64888,-0.18214936247723132
2022-08-19,27750,28450,27400,28400,195668,3.64963503649635
2022-08-22,28450,29150,28400,28850,265469,1.584507042253521
2022-08-23,28550,28750,28100,28100,115163,-2.5996533795493932
2022-08-24,28100,29250,28100,28800,143246,2.491103202846975
2022-08-25,29000,29450,28800,29350,114555,1.9097222222222223
2022-08-26,29500,29600,29050,29350,119926,0.0
2022-08-29,28650,29300,28500,29050,101416,-1.0221465076660987
2022-08-30,29450,30650,29400,30150,346524,3.7865748709122204
2022-08-31,30000,31500,29750,31050,321565,2.9850746268656714
2022-09-01,30550,31150,29600,29650,299055,-4.508856682769726
2022-09-02,29700,29950,29100,29300,135926,-1.1804384485666104
2022-09-05,29800,33000,29700,31600,1373977,7.849829351535837
2022-09-06,31650,32000,31000,31100,373245,-1.5822784810126582
2022-09-07,31150,32300,30450,30450,690379,-2.090032154340836
2022-09-08,29050,29300,27600,28500,1148812,-6.403940886699508
2022-09-13,28700,28850,28150,28450,405572,-0.17543859649122806
2022-09-14,27800,27900,27400,27750,229172,-2.460456942003515
2022-09-15,27750,28200,27750,27900,149200,0.5405405405405406
2022-09-16,27700,27800,26700,26900,211911,-3.584229390681003
2022-09-19,26650,27000,26250,26350,134353,-2.0446096654275094
2022-09-20,26300,27200,26300,27050,152211,2.6565464895635675
2022-09-21,26900,27600,26650,27200,119039,0.5545286506469501
2022-09-22,26900,27300,26650,27150,131382,-0.1838235294117647
2022-09-23,27350,28600,27300,27700,242879,2.0257826887661143
2022-09-26,27500,27550,25750,25950,214088,-6.31768953068592
2022-09-27,26050,26150,24900,25400,158707,-2.119460500963391
2022-09-28,25250,25250,24150,24350,152710,-4.133858267716536
2022-09-29,24800,25000,24150,24250,113800,-0.41067761806981523
2022-09-30,23850,24500,23700,24300,125399,0.2061855670103093
2022-10-04,24850,26450,24750,26400,243467,8.641975308641975
2022-10-05,28100,28100,26550,26650,390862,0.946969696969697
2022-10-06,27350,27450,26200,26950,160909,1.125703564727955
2022-10-07,26550,26750,26200,26400,112965,-2.0408163265306123
2022-10-11,26150,27100,25950,26250,119435,-0.5681818181818182
2022-10-12,25900,26900,25400,26800,78142,2.0952380952380953
2022-10-13,26450,26750,25850,25850,76259,-3.544776119402985
2022-10-14,26500,26800,26250,26700,87897,3.2882011605415857
2022-10-17,26300,27300,25850,27200,86740,1.8726591760299627
2022-10-18,27400,27600,26950,27300,63450,0.3676470588235294
2022-10-19,27050,27400,26800,26900,61801,-1.465201465201465
2022-10-20,26850,27200,26700,27200,47324,1.1152416356877324
2022-10-21,27050,27500,26750,27050,78278,-0.5514705882352942
2022-10-24,27300,27650,27000,27050,68665,0.0
2022-10-25,27050,27200,26700,26800,47471,-0.9242144177449169
2022-10-26,26850,27000,26400,26550,53555,-0.9328358208955223
2022-10-27,26500,27150,26400,26800,147890,0.9416195856873822
2022-10-28,26650,27500,26350,26500,136140,-1.1194029850746268
2022-10-31,26650,26650,25600,26100,170445,-1.509433962264151
2022-11-01,26100,26750,25900,26550,75836,1.7241379310344827
2022-11-02,26400,27100,26300,26800,102265,0.9416195856873822
2022-11-03,26500,26800,26350,26600,57647,-0.7462686567164178
2022-11-04,26450,26750,26000,26750,64745,0.5639097744360901
2022-11-07,27000,27650,26900,27050,141256,1.1214953271028036
2022-11-08,27150,27650,27150,27550,87190,1.8484288354898337
2022-11-09,27750,28350,27650,28250,145792,2.540834845735027
2022-11-10,27800,28650,27800,28400,117965,0.5309734513274336
2022-11-11,29200,30200,28550,29800,455355,4.929577464788732
2022-11-14,30200,30200,29350,29750,169780,-0.16778523489932887
2022-11-15,29700,30100,29400,30000,121462,0.8403361344537815
2022-11-16,30000,30450,29800,30150,115599,0.5
2022-11-17,30100,30400,29600,29850,69660,-0.9950248756218906
2022-11-18,29700,29950,29450,29750,87761,-0.33500837520938026
2022-11-21,29800,30000,28900,29050,104150,-2.3529411764705883
2022-11-22,29050,29500,29000,29450,53499,1.376936316695353
2022-11-23,29500,29850,29400,29550,58067,0.3395585738539898
2022-11-24,29650,29700,29250,29500,51543,-0.1692047377326565
2022-11-25,29500,30150,29350,30050,62219,1.864406779661017
2022-11-28,30500,30700,30050,30400,187809,1.1647254575707155
2022-11-29,30400,30500,30050,30300,76616,-0.3289473684210526
2022-11-30,30400,30850,30200,30400,79357,0.33003300330033003
2022-12-01,30850,31050,30500,30550,77082,0.4934210526315789
2022-12-02,30550,30750,30250,30400,91752,-0.4909983633387889
2022-12-05,30500,32000,30350,31850,301859,4.769736842105264
2022-12-06,31550,31550,30200,30450,134391,-4.395604395604396
2022-12-07,30200,31350,29950,30800,118699,1.1494252873563218
2022-12-08,30500,30900,30050,30700,108819,-0.3246753246753247
2022-12-09,31050,31700,30450,31200,141441,1.6286644951140066
2022-12-12,31100,31900,30750,31550,129048,1.1217948717948718
2022-12-13,31750,31800,31200,31250,90965,-0.9508716323296356
2022-12-14,31450,31600,30950,31150,60936,-0.32
2022-12-15,31250,32650,31200,32400,311486,4.012841091492777
2022-12-16,32300,33550,32050,33250,390187,2.6234567901234565
2022-12-19,33200,33450,32900,33000,114018,-0.7518796992481203
2022-12-20,32600,33350,32600,33000,140178,0.0
2022-12-21,33100,33350,32600,33150,132095,0.45454545454545453
2022-12-22,33400,33450,32700,32900,93742,-0.7541478129713424
2022-12-23,32250,33200,32200,32900,149160,0.0
2022-12-26,33000,33450,32700,32900,145413,0.0
2022-12-27,33200,33950,32900,33850,258845,2.8875379939209727
2022-12-28,33200,34750,33200,34100,300037,0.7385524372230428
2022-12-29,33800,34100,32700,33650,180108,-1.3196480938416422
2023-01-02,33650,33650,32550,32950,173924,-2.080237741456166
2023-01-03,32950,33000,30950,32100,264257,-2.579666160849772
2023-01-04,31750,32100,31050,31550,148101,-1.7133956386292832
2023-01-05,31900,32100,31000,31300,202078,-0.7923930269413629
2023-01-06,31550,32250,31300,31950,166988,2.07667731629393
2023-01-09,32550,33950,32100,33750,254561,5.633802816901409
2023-01-10,33750,33850,32650,33100,161520,-1.925925925925926
2023-01-11,33200,34000,32150,32750,285213,-1.0574018126888218
2023-01-12,33050,33800,33050,33050,154711,0.9160305343511451
2023-01-13,33100,34350,33100,33900,256254,2.5718608169440245
2023-01-16,34350,34600,33900,34050,169792,0.4424778761061947
2023-01-17,34150,34400,33600,33900,108491,-0.4405286343612335
2023-01-18,34650,35100,33900,34400,214985,1.4749262536873156
2023-01-19,34400,34800,34000,34550,130698,0.436046511627907
2023-01-20,34650,34650,34000,34350,112635,-0.5788712011577424
2023-01-25,35050,35600,34900,35450,305221,3.2023289665211063
2023-01-26,35450,35500,34750,35200,191291,-0.7052186177715092
2023-01-27,35250,36100,34950,35900,237100,1.9886363636363635
2023-01-30,35950,36150,35200,35750,164959,-0.4178272980501393
2023-01-31,35750,36100,35300,36050,169115,0.8391608391608392
2023-02-01,36000,36100,35650,36050,113297,0.0
2023-02-02,36100,36500,35150,35750,218778,-0.8321775312066574
2023-02-03,35500,35750,34650,34900,269009,-2.3776223776223775
2023-02-06,34400,35150,34400,34800,141569,-0.28653295128939826
2023-02-07,34850,35000,34450,34800,114347,0.0
2023-02-08,34850,35150,34450,35100,142407,0.8620689655172413
2023-02-09,35200,35350,33350,33700,380101,-3.9886039886039883
2023-02-10,33850,35000,33600,34950,340841,3.7091988130563793
2023-02-13,34950,34950,33550,34850,208480,-0.28612303290414876
2023-02-14,35100,35150,34150,34400,176216,-1.291248206599713
2023-02-15,34500,34500,33950,34050,98758,-1.0174418604651163
2023-02-16,34400,34550,34050,34400,104585,1.0279001468428781
2023-02-17,34150,34900,33950,34600,109372,0.5813953488372093
2023-02-20,34650,35050,34200,34900,105463,0.8670520231213872
2023-02-21,35050,36400,34950,36400,439945,4.297994269340974
2023-02-22,36150,37700,36050,37150,526150,2.0604395604395602
2023-02-23,37300,37350,36250,36350,219780,-2.1534320323014806
2023-02-24,36300,36500,35450,35750,175356,-1.6506189821182942
2023-02-27,35650,36500,35600,36350,239282,1.6783216783216783
2023-02-28,37000,37000,35550,35900,257966,-1.2379642365887207
2023-03-02,37000,38950,37000,38550,1134834,7.381615598885793
2023-03-03,38950,38950,37950,38900,408408,0.9079118028534372
2023-03-06,39000,39150,37200,37300,519333,-4.113110539845758
2023-03-07,37500,38100,36750,37450,272527,0.40214477211796246
2023-03-08,37200,37400,36450,36950,220291,-1.335113484646195
2023-03-09,38050,39250,37500,37900,457518,2.571041948579161
2023-03-10,37600,38700,37200,38150,288863,0.6596306068601583
2023-03-13,37500,38500,35450,37950,321557,-0.5242463958060288
2023-03-14,38400,38650,36700,36800,191556,-3.0303030303030303
2023-03-15,37500,37650,36800,37400,182102,1.6304347826086956
2023-03-16,36800,37100,35700,36250,219010,-3.074866310160428
2023-03-17,36350,36550,35550,35700,160175,-1.5172413793103448
2023-03-20,35750,36350,35700,35800,113480,0.2801120448179272
2023-03-21,36100,37100,35950,36950,177237,3.212290502793296
2023-03-22,37350,37350,35850,36100,189472,-2.3004059539918806
2023-03-23,36350,37450,36300,36650,230281,1.5235457063711912
2023-03-24,37000,37000,35900,36350,162574,-0.8185538881309686
2023-03-27,36650,37000,36000,36600,155652,0.6877579092159559
2023-03-28,37000,37850,36750,37550,250417,2.5956284153005464
2023-03-29,37700,37750,36850,37150,145667,-1.0652463382157125
2023-03-30,37250,37300,36150,37100,206140,-0.13458950201884254
2023-03-31,37100,38100,37000,37800,229817,1.8867924528301887
2023-04-03,38250,39600,38200,38850,416211,2.7777777777777777
2023-04-04,39250,39250,38050,38150,202360,-1.8018018018018018
2023-04-05,38000,38400,37800,38100,147161,-0.1310615989515072
2023-04-06,38750,39200,37550,37750,254010,-0.9186351706036745
2023-04-07,38000,38000,37250,37600,118999,-0.3973509933774834
2023-04-10,37650,38400,37600,37900,151311,0.7978723404255319
2023-04-11,37900,39250,37600,38850,336943,2.5065963060686016
2023-04-12,38950,40750,38950,40400,641661,3.9897039897039894
2023-04-13,40600,41200,39700,40800,393826,0.9900990099009901
2023-04-14,41050,41650,40750,41300,331809,1.2254901960784315
2023-04-17,41700,43650,41650,42800,580903,3.631961259079903
2023-04-18,43500,43550,42150,42750,324743,-0.11682242990654204
2023-04-19,43700,47400,43350,45100,1481043,5.497076023391813
2023-04-20,46850,47600,44900,45700,1017677,1.3303769401330376
2023-04-21,45700,45700,43700,44800,480962,-1.9693654266958425
2023-04-24,45500,46700,44600,44800,638960,0.0
2023-04-25,45500,45500,43150,44150,505183,-1.4508928571428572
2023-04-26,44150,44150,41900,42700,478107,-3.2842582106455263
2023-04-27,43000,45000,42000,44150,434717,3.395784543325527
2023-04-28,44000,44050,42000,42400,403727,-3.9637599093997737
2023-05-02,43300,46100,43300,45150,763784,6.485849056603773
2023-05-03,44900,45150,43650,43700,253758,-3.211517165005537
2023-05-04,44000,44350,42750,43100,178915,-1.3729977116704806
2023-05-08,43350,43750,42900,43100,186303,0.0
2023-05-09,43500,43500,41550,41900,262739,-2.784222737819025
2023-05-10,42000,42600,41250,41650,176353,-0.5966587112171837
2023-05-11,42050,42700,41950,42050,163511,0.9603841536614646
2023-05-12,41900,41950,40550,41350,154009,-1.6646848989298455
2023-05-15,40900,41250,40050,40650,276550,-1.6928657799274487
2023-05-16,40700,40700,39800,40050,174689,-1.4760147601476015
2023-05-17,39600,40000,39250,39900,264675,-0.37453183520599254
2023-05-18,40050,40650,39950,40300,142244,1.0025062656641603
2023-05-19,40600,41150,40250,40900,203715,1.488833746898263
2023-05-22,40950,41050,40450,41050,127303,0.36674816625916873
2023-05-23,41150,41250,40350,40550,152176,-1.2180267965895248
2023-05-24,40550,40750,40100,40500,204360,-0.12330456226880394
2023-05-25,40300,40450,39100,39300,293486,-2.9629629629629632
2023-05-26,39500,39750,39000,39350,191469,0.1272264631043257
2023-05-30,39500,39550,38700,39200,210679,-0.3811944091486658
2023-05-31,39150,39800,38950,39200,194227,0.0
2023-06-01,39150,39600,38850,39550,163851,0.8928571428571428
2023-06-02,39750,40450,39350,40300,150603,1.8963337547408345
2023-06-05,40700,41400,40550,41350,330216,2.6054590570719602
2023-06-07,41850,41850,40850,41350,148015,0.0
2023-06-08,41400,42200,41100,41500,187435,0.36275695284159615
2023-06-09,41900,41900,41150,41500,134695,0.0
2023-06-12,41650,41850,41050,41350,120667,-0.3614457831325301
2023-06-13,41350,41350,40600,40900,149553,-1.0882708585247884
2023-06-14,41300,42500,41150,42300,403206,3.4229828850855744
2023-06-15,42400,42450,40950,41300,177019,-2.3640661938534278
2023-06-16,41650,42350,41200,41650,168254,0.847457627118644
2023-06-19,41350,43750,41350,43550,476496,4.561824729891957
2023-06-20,43600,44000,43000,43900,279457,0.8036739380022963
2023-06-21,43900,44450,43400,43950,227209,0.11389521640091116
2023-06-22,44000,44850,43800,44400,211482,1.023890784982935
2023-06-23,44500,44850,44000,44650,219748,0.5630630630630631
2023-06-26,44550,45250,44000,44050,159591,-1.3437849944008957
2023-06-27,44050,44550,43200,43500,202922,-1.2485811577752552
2023-06-28,43550,43750,43300,43400,97603,-0.22988505747126436
2023-06-29,43350,43650,42750,42800,95625,-1.3824884792626728
2023-06-30,42800,43700,42800,43400,91594,1.4018691588785046
2023-07-03,43650,43750,42750,43450,127840,0.1152073732718894
2023-07-04,43500,43500,41700,41850,222431,-3.6823935558112773
2023-07-05,42050,42050,40900,41350,173603,-1.1947431302270013
2023-07-06,41300,41300,39850,40150,203859,-2.902055622732769
2023-07-07,40100,40350,39550,40000,146629,-0.37359900373599003
2023-07-10,40450,40850,40050,40150,114892,0.375
2023-07-11,40550,41300,40250,40850,151639,1.7434620174346203
2023-07-12,41400,43550,41250,42450,342629,3.9167686658506726
2023-07-13,42650,43200,41800,41950,210134,-1.1778563015312131
2023-07-14,42300,43000,41600,42600,173365,1.5494636471990464
2023-07-17,42300,42300,40550,40700,249472,-4.460093896713615
2023-07-18,40800,41000,40400,40650,107777,-0.12285012285012285
2023-07-19,40850,40950,39850,39900,171310,-1.8450184501845017
2023-07-20,39850,40950,39700,40800,140230,2.2556390977443606
2023-07-21,40600,40650,39900,40100,90253,-1.715686274509804
2023-07-24,39950,40300,38850,39600,138103,-1.2468827930174564
2023-07-25,40000,41450,39350,41150,194481,3.9141414141414144
2023-07-26,41550,42000,38800,38850,325329,-5.5893074119076545
2023-07-27,39050,40300,38850,39050,153134,0.5148005148005148
2023-07-28,38800,39050,38000,38150,159604,-2.3047375160051216
2023-07-31,38250,38350,37050,37500,346150,-1.7038007863695939
2023-08-01,37800,37900,36700,36950,232381,-1.4666666666666666
2023-08-02,37300,37850,36550,36600,413023,-0.9472259810554804
2023-08-03,36500,36950,35700,35950,214477,-1.7759562841530054
2023-08-04,36050,36300,35500,36000,118551,0.13908205841446453
2023-08-07,35350,36750,35300,36450,167691,1.25
2023-08-08,36450,36900,35800,35850,131175,-1.646090534979424
2023-08-09,35900,36500,35650,36000,139298,0.41841004184100417
2023-08-10,35600,35900,35050,35300,139113,-1.9444444444444444
2023-08-11,35300,36000,35150,35450,108065,0.424929178470255
2023-08-14,35700,35750,34850,35150,82825,-0.846262341325811
2023-08-16,34900,34950,33950,34250,150594,-2.5604551920341394
2023-08-17,34050,34300,33300,33950,174775,-0.8759124087591241
2023-08-18,33800,34400,33600,34100,103858,0.4418262150220913
2023-08-21,34100,34850,34050,34450,77589,1.0263929618768328
2023-08-22,34450,34700,34000,34200,87508,-0.7256894049346879
2023-08-23,34050,34650,34000,34200,68878,0.0
2023-08-24,34150,34650,33850,34300,92068,0.29239766081871343
2023-08-25,34000,34300,33600,33750,147029,-1.6034985422740524
2023-08-28,34000,34750,34000,34750,85835,2.9629629629629632
2023-08-29,34750,35050,34550,34950,101039,0.5755395683453237
2023-08-30,35600,35800,34700,34800,158745,-0.4291845493562232
2023-08-31,35150,35750,35000,35300,113599,1.4367816091954022
2023-09-01,35350,35950,35050,35700,178061,1.13314447592068
2023-09-04,35850,36650,35450,36600,190768,2.5210084033613445
2023-09-05,36500,36500,35750,35950,116270,-1.7759562841530054
2023-09-06,36000,36350,35650,36050,106601,0.27816411682892905
2023-09-07,35700,35900,34900,35100,127720,-2.6352288488210815
2023-09-08,35100,35250,34700,35000,106030,-0.2849002849002849
2023-09-11,35400,36450,35200,36150,235906,3.2857142857142856
2023-09-12,36450,36650,35750,35800,123580,-0.9681881051175657
2023-09-13,35800,37400,35700,37300,291172,4.189944134078212
2023-09-14,37350,37550,36600,37100,185295,-0.5361930294906166
2023-09-15,37200,37500,37000,37250,129973,0.40431266846361186
2023-09-18,37150,37450,36850,37050,83622,-0.5369127516778524
2023-09-19,37050,37100,36600,36800,69482,-0.6747638326585695
2023-09-20,36650,37050,36600,36900,47084,0.2717391304347826
2023-09-21,36600,36800,35750,35750,98627,-3.116531165311653
2023-09-22,35300,35850,34600,35800,84239,0.13986013986013987
2023-09-25,35800,35850,35000,35050,61657,-2.094972067039106
2023-09-26,34700,35350,34500,34750,65016,-0.8559201141226819
2023-09-27,34000,34400,33400,33800,206154,-2.7338129496402876
2023-10-04,33300,33300,31750,31900,193502,-5.621301775147929
2023-10-05,31950,32750,31950,32500,84112,1.8808777429467085
2023-10-06,32200,32800,32200,32650,41769,0.46153846153846156
2023-10-10,34550,35250,33700,34100,408051,4.44104134762634
2023-10-11,34000,34700,32750,34350,206624,0.7331378299120235
2023-10-12,34600,35400,34100,34750,189764,1.1644832605531297
2023-10-13,34350,35350,34300,34800,136568,0.14388489208633093
2023-10-16,35650,37500,34150,34650,503656,-0.43103448275862066
2023-10-17,35050,35400,34500,34850,130366,0.5772005772005772
2023-10-18,35250,35700,34700,35100,161018,0.7173601147776184
2023-10-19,34900,35000,34100,34100,131894,-2.849002849002849
2023-10-20,34100,34800,32750,33150,236891,-2.785923753665689
2023-10-23,33200,35250,33100,34800,296582,4.97737556561086
2023-10-24,35250,35300,33100,34200,224125,-1.7241379310344827
2023-10-25,34300,35150,34000,34900,152714,2.046783625730994
2023-10-26,34550,34750,33800,34250,120690,-1.8624641833810889
2023-10-27,34200,34500,33750,34050,88963,-0.583941605839416
2023-10-30,34100,36600,34100,36500,340843,7.195301027900147
2023-10-31,37000,37350,35350,35950,283780,-1.5068493150684932
2023-11-01,36250,37300,35550,36700,268024,2.086230876216968
2023-11-02,37600,37600,36250,36750,283273,0.13623978201634876
2023-11-03,37100,37300,36500,36700,150448,-0.13605442176870747
2023-11-06,37150,37150,36300,37050,244734,0.9536784741144414
2023-11-07,36800,37300,36550,36950,130752,-0.2699055330634278
2023-11-08,36900,37100,36150,36400,111181,-1.4884979702300407
2023-11-09,36200,36650,35600,36500,99405,0.27472527472527475
2023-11-10,36350,36550,35550,36500,83177,0.0
2023-11-13,36750,36750,36000,36200,71890,-0.821917808219178
2023-11-14,36500,36550,35900,36400,80212,0.5524861878453038
2023-11-15,36700,37250,36400,36700,135160,0.8241758241758242
2023-11-16,36800,36850,36350,36400,95055,-0.8174386920980926
2023-11-17,36350,36450,35250,35350,129247,-2.8846153846153846
2023-11-20,35300,36100,35100,35950,70443,1.6973125884016973
2023-11-21,36300,36500,35800,36300,87785,0.9735744089012517
2023-11-22,36200,36800,36150,36650,111519,0.9641873278236914
2023-11-23,36650,36800,36250,36350,75653,-0.8185538881309686
2023-11-24,36450,36550,36000,36450,59893,0.2751031636863824
2023-11-27,36450,36450,35600,35750,95036,-1.9204389574759946
2023-11-28,35750,35950,35450,35750,79220,0.0
2023-11-29,35550,35900,35200,35300,86315,-1.2587412587412588
2023-11-30,35300,35700,35100,35700,82321,1.13314447592068
2023-12-01,35750,37000,35700,36800,271615,3.081232492997199
2023-12-04,37300,37950,36800,37550,274176,2.0380434782608696
2023-12-05,37950,40000,37750,39100,661962,4.1278295605858855
2023-12-06,39150,39650,38400,39150,190473,0.1278772378516624
2023-12-07,38800,39250,38000,38400,154969,-1.9157088122605364
2023-12-08,38600,38900,37600,37950,129060,-1.171875
2023-12-11,38200,38600,37800,38200,137393,0.6587615283267457
2023-12-12,38000,38400,37650,38250,99003,0.13089005235602094
2023-12-13,38300,38700,37400,37400,112345,-2.2222222222222223
2023-12-14,37750,38100,37400,37750,116269,0.9358288770053476
2023-12-15,38000,38850,37550,37850,226572,0.26490066225165565
2023-12-18,37900,38200,37250,37600,129941,-0.6605019815059445
2023-12-19,37600,37600,36700,37350,110073,-0.6648936170212766
2023-12-20,37400,38700,37300,38550,285459,3.2128514056224895
2023-12-21,38100,39300,38050,39000,165668,1.1673151750972763
2023-12-22,39100,39150,38350,38650,99040,-0.8974358974358974
2023-12-26,39050,39250,38500,39100,174290,1.1642949547218628
2023-12-27,38700,38800,37900,38150,153325,-2.4296675191815855
2023-12-28,38450,39350,38250,39200,130126,2.7522935779816518
2024-01-02,39200,39200,38300,38900,107476,-0.7653061224489796
2024-01-03,38450,39350,38450,38950,101778,0.12853470437017994
2024-01-04,39100,40500,39100,39500,272445,1.4120667522464698
2024-01-05,39650,40450,39050,39350,164555,-0.37974683544303794
2024-01-08,39400,39650,38100,38250,142168,-2.7954256670902162
2024-01-09,38050,38500,37550,37800,110773,-1.1764705882352942
2024-01-10,37600,38000,37500,37650,89179,-0.3968253968253968
2024-01-11,37850,37850,36450,36500,212524,-3.054448871181939
2024-01-12,36700,37600,36300,37200,153570,1.9178082191780823
2024-01-15,37750,37800,36300,36650,112992,-1.478494623655914
2024-01-16,36750,37700,36750,37250,122049,1.6371077762619373
2024-01-17,37250,37250,36050,36150,111967,-2.953020134228188
2024-01-18,36150,36500,36000,36200,72390,0.13831258644536654
2024-01-19,36550,37300,36450,36800,97473,1.6574585635359116
2024-01-22,36950,37200,36600,36850,67455,0.1358695652173913
2024-01-23,36850,36950,36150,36950,75292,0.27137042062415195
2024-01-24,37450,38400,37250,37450,179079,1.3531799729364005
2024-01-25,37750,39150,37550,38850,240293,3.7383177570093453
2024-01-26,38850,39650,38300,38600,178735,-0.6435006435006435
2024-01-29,38850,39600,38450,39200,196240,1.5544041450777202
2024-01-30,39850,39850,38550,38700,165250,-1.2755102040816326
2024-01-31,38700,39400,38450,39100,99790,1.03359173126615
2024-02-01,38650,39800,38050,39400,213331,0.7672634271099744
2024-02-02,39500,40400,39450,40250,251374,2.1573604060913705
2024-02-05,40350,40600,39400,39900,177750,-0.8695652173913043
2024-02-06,39850,40000,39050,39550,126571,-0.8771929824561403
2024-02-07,39850,39900,39100,39250,182039,-0.7585335018963337
2024-02-08,39200,39200,37550,37950,429226,-3.3121019108280256
2024-02-13,38100,39000,38100,38850,182165,2.371541501976284
2024-02-14,38400,39000,38250,38700,173438,-0.3861003861003861
2024-02-15,39100,39200,38350,38350,149873,-0.9043927648578811
2024-02-16,38800,38850,38200,38450,106911,0.2607561929595828
2024-02-19,38550,39550,38550,39550,208662,2.860858257477243
2024-02-20,39550,39550,38200,38300,258569,-3.16055625790139
2024-02-21,38300,38950,38100,38800,159259,1.3054830287206265
2024-02-22,39000,43850,38950,42200,1340462,8.762886597938143
2024-02-23,42000,43200,41550,42200,452446,0.0
2024-02-26,42600,43450,41500,41750,274302,-1.066350710900474
2024-02-27,41750,42900,41700,41750,313050,0.0
2024-02-28,42550,43900,42450,43100,411605,3.2335329341317367
2024-02-29,43300,43900,42050,43150,301185,0.11600928074245939
2024-03-04,43200,43550,42350,42800,237970,-0.8111239860950173
2024-03-05,42800,44500,42500,43200,294217,0.9345794392523363
2024-03-06,43200,44950,43150,44450,415134,2.8935185185185186
2024-03-07,45000,51300,44900,46100,1930617,3.712035995500562
2024-03-08,46400,48700,46350,48400,765449,4.989154013015185
2024-03-11,48950,50300,47800,48000,502760,-0.8264462809917356
2024-03-12,48000,48650,45150,45300,523279,-5.625
2024-03-13,45300,45750,44300,44450,407219,-1.8763796909492272
2024-03-14,45400,47350,44700,45100,719865,1.4623172103487065
2024-03-15,45000,45750,44450,45200,248278,0.22172949002217296
2024-03-18,46400,50700,46250,47600,1101379,5.3097345132743365
2024-03-19,48450,48900,47250,47650,388925,0.10504201680672269
2024-03-20,48250,48700,46350,47150,308258,-1.049317943336831
2024-03-21,47500,48600,47000,48300,326994,2.4390243902439024
2024-03-22,48300,49350,47650,48050,483477,-0.5175983436853002
2024-03-25,48550,50300,47750,48100,385305,0.10405827263267431
2024-03-26,48300,49700,48300,49500,363934,2.9106029106029108
2024-03-27,50200,51100,48700,50700,463947,2.4242424242424243
2024-03-28,50600,51900,49600,50300,416165,-0.7889546351084813
2024-03-29,50900,51700,50300,50500,256700,0.3976143141153081
2024-04-01,51100,51200,50100,50500,172784,0.0
2024-04-02,50400,50400,48800,49700,380674,-1.5841584158415842
2024-04-03,49550,50300,49100,49700,220425,0.0
2024-04-04,51000,53200,50000,53100,633541,6.841046277665996
2024-04-05,53200,53800,51500,51700,341662,-2.6365348399246704
2024-04-08,52400,53500,51600,52300,322223,1.160541586073501
2024-04-09,53300,57000,53300,56100,877674,7.265774378585086
2024-04-11,56100,60000,55200,59500,838269,6.0606060606060606
2024-04-12,60200,67500,59600,61600,2301877,3.5294117647058822
2024-04-15,63400,65400,59300,60300,1072650,-2.1103896103896105
2024-04-16,59400,61200,56800,58500,705582,-2.9850746268656714
2024-04-17,58900,61200,58000,60200,526338,2.905982905982906
2024-04-18,60500,61700,59000,60400,375824,0.33222591362126247
2024-04-19,61600,62300,59800,60800,707467,0.6622516556291391
2024-04-22,61600,62800,58100,59600,495591,-1.9736842105263157
2024-04-23,59800,60800,59000,59800,351917,0.33557046979865773
2024-04-24,59500,60000,58400,59900,334560,0.16722408026755853
2024-04-25,59700,61000,59100,60300,277945,0.667779632721202
2024-04-26,61000,63400,60600,62900,592284,4.311774461028192
2024-04-29,64500,68000,63500,66900,870876,6.359300476947535
2024-04-30,67100,67500,63000,65000,635096,-2.8400597907324365
2024-05-02,67500,75000,67000,72700,2814129,11.846153846153847
2024-05-03,73000,75800,70100,74900,971459,3.0261348005502064
2024-05-07,74100,77400,72400,75100,657135,0.26702269692923897
2024-05-08,74600,75100,72400,73900,399768,-1.5978695073235687
2024-05-09,74300,74400,71000,72100,572369,-2.435723951285521
2024-05-10,72900,73800,71000,72800,357489,0.9708737864077669
2024-05-13,74200,77600,73600,75500,829786,3.708791208791209
2024-05-14,78100,78900,75600,76300,625384,1.0596026490066226
2024-05-16,78000,78000,74400,77300,562357,1.310615989515072
2024-05-17,76500,76600,71500,72200,547380,-6.597671410090557
2024-05-20,74000,76200,73400,73800,562979,2.21606648199446
2024-05-21,75300,75500,70600,71400,519295,-3.2520325203252036
2024-05-22,71800,72300,68500,69100,541329,-3.221288515406162
2024-05-23,66600,67400,63800,65800,710695,-4.775687409551375
2024-05-24,64300,65500,63000,65400,384759,-0.60790273556231
2024-05-27,65600,65600,63700,64500,439756,-1.3761467889908259
2024-05-28,65300,66200,64300,65400,382627,1.3953488372093024
2024-05-29,66500,68100,65000,65500,430046,0.1529051987767584
2024-05-30,64700,65000,62400,62900,355539,-3.969465648854962
2024-05-31,62400,63300,61400,61900,320139,-1.5898251192368837
2024-06-03,61900,62500,60600,61100,385596,-1.2924071082390953
2024-06-04,61000,61600,59000,60100,391702,-1.6366612111292964
2024-06-05,59400,59700,57900,58200,414162,-3.1613976705490847
2024-06-07,59700,59700,57200,57400,352228,-1.3745704467353952
2024-06-10,56500,57700,55600,57600,431470,0.34843205574912894
2024-06-11,57900,58100,56600,57400,259120,-0.3472222222222222
2024-06-12,57000,59100,56800,58300,346783,1.5679442508710801
2024-06-13,58800,59400,57700,57900,373329,-0.6861063464837049
2024-06-14,57800,58400,56400,57400,319246,-0.8635578583765112
2024-06-17,58000,59900,57300,58200,500404,1.3937282229965158
2024-06-18,58400,60200,58000,58500,405908,0.5154639175257731
2024-06-19,59100,59700,58100,58700,237535,0.3418803418803419
2024-06-20,59500,63400,59300,61400,883583,4.599659284497445
2024-06-21,65700,71000,62700,63500,2712475,3.420195439739414
2024-06-24,64000,69200,63400,64400,1247880,1.4173228346456692
2024-06-25,65100,66200,63200,64000,412673,-0.6211180124223602
2024-06-26,63000,64200,60300,62400,413928,-2.5
2024-06-27,63000,63900,61600,63000,304740,0.9615384615384616
2024-06-28,64500,64500,60700,63300,406151,0.4761904761904762
2024-07-01,63500,67200,63200,65300,600747,3.15955766192733
2024-07-02,66200,67100,61200,61500,626495,-5.819295558958652
2024-07-03,61400,63500,61200,63300,276765,2.9268292682926833
2024-07-04,64300,68300,64300,65600,604000,3.6334913112164293
2024-07-05,66200,66300,63800,64000,327802,-2.4390243902439024
2024-07-08,65500,68300,64800,66900,689909,4.53125
2024-07-09,67700,70300,66100,69200,738126,3.43796711509716
2024-07-10,70000,71100,67800,68300,701367,-1.300578034682081
2024-07-11,68300,69300,66300,67700,397896,-0.8784773060029283
2024-07-12,67000,67600,65500,66900,304679,-1.1816838995568686
2024-07-15,69200,70600,67200,68800,562134,2.8400597907324365
2024-07-16,70100,70700,67600,69400,346554,0.872093023255814
2024-07-17,69700,69900,65500,65600,517603,-5.475504322766571
2024-07-18,65000,65200,61600,62200,650568,-5.182926829268292
2024-07-19,61300,62200,58600,61700,353740,-0.8038585209003215
2024-07-22,62200,62700,60000,60600,399546,-1.7828200972447326
2024-07-23,60700,63100,60600,61800,289624,1.9801980198019802
2024-07-24,61500,63100,61300,61700,300074,-0.16181229773462785
2024-07-25,60500,61200,59000,59300,430355,-3.889789303079417
2024-07-26,59300,65200,59000,60000,1454057,1.1804384485666104
2024-07-29,60000,60100,58000,59600,471857,-0.6666666666666667
2024-07-30,59400,59500,57300,57600,369488,-3.3557046979865772
2024-07-31,57500,58600,57400,58400,277798,1.3888888888888888
2024-08-01,58200,59300,58200,58200,219895,-0.3424657534246575
2024-08-02,57200,58000,53300,54300,614034,-6.701030927835052
2024-08-05,53300,54100,47000,49400,499656,-9.023941068139964
2024-08-06,49850,52300,49500,50400,421234,2.0242914979757085
2024-08-07,50200,52700,49700,52000,222589,3.1746031746031744
2024-08-08,51200,52400,50500,52200,145002,0.38461538461538464
2024-08-09,52700,53600,52100,53000,195273,1.532567049808429
2024-08-12,53400,54100,52800,53900,127335,1.6981132075471699
2024-08-13,54100,56000,54100,55200,278183,2.411873840445269
2024-08-14,55400,55900,54400,55600,182504,0.7246376811594203
2024-08-16,56400,56700,55500,55800,157306,0.3597122302158274
2024-08-19,55800,56100,55000,55800,115855,0.0
2024-08-20,56400,56600,55200,56500,120625,1.2544802867383513
2024-08-21,56000,57500,55700,57400,167133,1.592920353982301
2024-08-22,57800,58300,55700,56700,201988,-1.2195121951219512
2024-08-23,56100,57600,55900,57600,133781,1.5873015873015872
2024-08-26,58500,62400,58500,61000,707799,5.902777777777778
2024-08-27,60300,64900,60000,64900,722188,6.393442622950819
2024-08-28,64600,65500,62800,63600,303774,-2.0030816640986133
2024-08-29,62400,64800,61900,63500,202351,-0.15723270440251574
2024-08-30,63900,65300,63300,64400,265257,1.4173228346456692
2024-09-02,64500,66000,63300,65300,295499,1.3975155279503106
2024-09-03,65200,68400,64900,66400,498975,1.6845329249617151
2024-09-04,63600,65300,62200,64100,304688,-3.463855421686747
2024-09-05,64500,66300,63100,63800,474063,-0.46801872074883
2024-09-06,63900,64500,61200,61600,281392,-3.4482758620689653
2024-09-09,59300,60000,54800,56500,869432,-8.279220779220779
2024-09-10,57500,57600,55900,56400,296048,-0.17699115044247787
2024-09-11,56100,56500,54900,55000,329604,-2.4822695035460995
2024-09-12,55500,56400,54700,56400,314378,2.5454545454545454
2024-09-13,56900,58200,56700,57900,308298,2.6595744680851063
2024-09-19,58500,58600,52900,53600,698443,-7.4265975820379975
2024-09-20,54600,56200,54000,55800,696696,4.104477611940299
2024-09-23,56100,56500,54000,54500,297945,-2.3297491039426523
2024-09-24,54800,57600,53900,57300,548156,5.137614678899083
2024-09-25,59400,61900,57700,58500,1161398,2.094240837696335
2024-09-26,59300,59600,57800,58600,349833,0.17094017094017094
2024-09-27,60400,62900,59500,61900,982824,5.631399317406143
2024-09-30,62300,62800,60100,61300,357894,-0.9693053311793215
2024-10-02,62300,63900,61300,63100,563334,2.936378466557912
2024-10-04,63500,66900,63500,66800,691666,5.863708399366086
2024-10-07,67300,68700,66300,67800,602246,1.4970059880239521
2024-10-08,67600,68200,65100,66200,388787,-2.359882005899705
2024-10-10,65900,66000,62200,63900,412797,-3.474320241691843
2024-10-11,64200,65200,63500,63900,144672,0.0
2024-10-14,64900,65900,63600,64700,202035,1.2519561815336464
2024-10-15,64500,64700,62500,63800,244783,-1.3910355486862442
2024-10-16,64200,65800,62900,65400,215119,2.507836990595611
2024-10-17,65800,66700,64700,64800,150410,-0.9174311926605505
2024-10-18,64700,67200,64500,66100,277466,2.006172839506173
2024-10-21,68600,73000,68100,70300,1238601,6.354009077155824
2024-10-22,71000,74000,70400,72100,1051187,2.5604551920341394
2024-10-23,72100,73000,68900,69600,528932,-3.467406380027739
2024-10-24,69600,70900,69200,69600,262689,0.0
2024-10-25,69700,72400,69000,70900,403233,1.8678160919540232
2024-10-28,71000,72600,68800,69500,327130,-1.9746121297602257
2024-10-29,69500,71400,68400,69800,300659,0.4316546762589928
2024-10-30,71400,72400,68100,68200,336022,-2.292263610315186
2024-10-31,68400,69900,65500,69400,415571,1.7595307917888565
2024-11-01,68400,68700,65400,66000,354497,-4.899135446685879
2024-11-04,66000,66900,63900,66000,222667,0.0
2024-11-05,65400,66100,64500,64900,169919,-1.6666666666666667
2024-11-06,65500,67900,65000,66900,359501,3.0816640986132513
2024-11-07,67300,67600,61100,63300,651219,-5.381165919282512
2024-11-08,64000,66000,63100,63700,246431,0.631911532385466
2024-11-11,63100,63300,61300,62700,269301,-1.5698587127158554
2024-11-12,62700,65100,62500,62500,405868,-0.3189792663476874
2024-11-13,62500,63000,59000,59100,276905,-5.4399999999999995
2024-11-14,59200,60300,58500,59100,223176,0.0
2024-11-15,58400,59800,57400,59700,191804,1.015228426395939
2024-11-18,59700,59700,58100,58800,190930,-1.507537688442211
2024-11-19,58800,59300,56300,56700,370132,-3.571428571428571
2024-11-20,56900,58400,56600,57900,198305,2.1164021164021163
2024-11-21,57900,58900,55100,55800,315406,-3.6269430051813467
2024-11-22,56000,56700,55700,56000,142655,0.35842293906810035
2024-11-25,56100,57700,55900,57000,233986,1.7857142857142856
2024-11-26,57000,57100,51200,52000,564108,-8.771929824561402
2024-11-27,51300,52400,51000,51900,165405,-0.19230769230769232
2024-11-28,51900,53600,51800,52800,150298,1.7341040462427744
2024-11-29,53400,53700,51200,51400,131648,-2.6515151515151514
2024-12-02,51400,51900,50800,50900,123479,-0.9727626459143969
2024-12-03,51500,53800,51500,53700,222443,5.50098231827112
2024-12-04,52700,54100,52300,52700,173011,-1.86219739292365
2024-12-05,52800,52900,50500,50700,163988,-3.795066413662239
2024-12-06,50700,51000,48800,49450,220842,-2.465483234714004
2024-12-09,47600,48400,46150,46150,261291,-6.673407482305358
2024-12-10,46550,49600,46450,49300,202538,6.825568797399784
2024-12-11,48900,50000,48500,49850,117826,1.1156186612576064
2024-12-12,50500,51100,50100,50900,182734,2.106318956870612
2024-12-13,50800,51800,50100,51300,139313,0.7858546168958742
2024-12-16,51700,52200,51200,51200,109128,-0.1949317738791423
2024-12-17,51300,51900,49050,49600,317539,-3.125
2024-12-18,49700,51600,49550,51300,121742,3.4274193548387095
2024-12-19,49850,50500,49450,50200,109834,-2.144249512670565
2024-12-20,50200,50300,49000,49450,107854,-1.4940239043824701
2024-12-23,49600,51200,49600,50900,119180,2.932254802831143
2024-12-24,58200,61700,51300,52100,1696894,2.357563850687623
2024-12-26,52300,52500,51200,51300,311966,-1.5355086372360844
2024-12-27,50900,51300,49500,49750,213296,-3.0214424951267054
2024-12-30,49250,50300,49250,49950,100319,0.4020100502512563
2025-01-02,49850,51800,49850,51700,214958,3.5035035035035036
2025-01-03,51400,53500,51100,53200,280294,2.9013539651837523
2025-01-06,53700,53700,52200,52900,142585,-0.5639097744360901
2025-01-07,52900,53500,52400,53000,196717,0.1890359168241966
2025-01-08,52700,52700,51700,51800,157652,-2.2641509433962264
2025-01-09,52200,53500,51600,53300,277249,2.8957528957528957
2025-01-10,53100,53700,52600,53500,157344,0.37523452157598497
2025-01-13,53700,53700,51800,52300,137728,-2.2429906542056073
2025-01-14,52600,53100,52300,53100,107929,1.5296367112810707
2025-01-15,53400,53700,52500,52900,125337,-0.3766478342749529
2025-01-16,53400,54500,53100,54400,182343,2.835538752362949
2025-01-17,54500,56400,54200,56000,371655,2.941176470588235
2025-01-20,56100,56100,53600,54300,209821,-3.0357142857142856
2025-01-21,54800,55300,54300,54900,158225,1.1049723756906076
2025-01-22,55500,56100,55000,55600,140549,1.2750455373406193
2025-01-23,55800,56200,53200,53800,246118,-3.237410071942446
2025-01-24,53500,54800,53200,54600,130410,1.486988847583643
2025-01-31,54700,54900,52700,53000,170922,-2.93040293040293
2025-02-03,51700,52000,50700,51200,201694,-3.3962264150943398
2025-02-04,51800,52300,51400,51900,128731,1.3671875
2025-02-05,52300,52800,51900,52200,105819,0.5780346820809248
2025-02-06,52900,54200,52700,54100,221326,3.6398467432950192
2025-02-07,54200,55800,53700,55000,282589,1.6635859519408502
2025-02-10,56100,56900,54900,56400,415248,2.5454545454545454
2025-02-11,57000,58800,54400,54900,601315,-2.6595744680851063
2025-02-12,54000,56300,54000,55900,283457,1.8214936247723135
2025-02-13,56000,56300,54700,56000,242793,0.17889087656529518
2025-02-14,56500,56600,55000,55800,199567,-0.35714285714285715
2025-02-17,55800,59700,55800,59400,486852,6.451612903225806
2025-02-18,60900,64100,60300,61000,1158834,2.6936026936026933
2025-02-19,60800,61000,58700,58900,479005,-3.4426229508196724
2025-02-20,61500,62100,59100,60400,624074,2.5466893039049237
2025-02-21,60800,62100,59200,60700,410924,0.49668874172185434
2025-02-24,60000,61500,58700,59700,293613,-1.6474464579901154
2025-02-25,59200,59400,58600,58900,237711,-1.340033500837521
2025-02-26,60000,61400,58800,59200,319746,0.5093378607809848
2025-02-27,58000,58200,56800,57000,353061,-3.7162162162162162
2025-02-28,56500,56500,54400,54900,297749,-3.684210526315789
2025-03-04,56000,59500,55900,59100,761197,7.650273224043716
2025-03-05,59000,60500,57900,60300,392907,2.030456852791878
2025-03-06,62100,64000,61500,62100,821837,2.9850746268656714
2025-03-07,62100,67300,61500,65000,1112306,4.669887278582931
2025-03-10,66900,68600,65200,66200,624414,1.8461538461538463
2025-03-11,63500,65800,63400,65400,425616,-1.2084592145015105
2025-03-12,65100,66100,60500,61500,726717,-5.963302752293578
2025-03-13,62000,64800,61800,63800,415039,3.7398373983739837
2025-03-14,64600,66400,63200,64700,326875,1.4106583072100314
2025-03-17,64600,65500,63800,64900,313721,0.3091190108191654
2025-03-18,65200,66200,63400,63800,260498,-1.694915254237288
2025-03-19,64400,70800,64100,69400,1298591,8.77742946708464
2025-03-20,70300,70400,66300,67300,738984,-3.025936599423631
2025-03-21,65800,66500,64500,65100,416052,-3.268945022288262
2025-03-24,65500,67600,65200,66500,197025,2.1505376344086025
2025-03-25,66900,67000,62900,63500,288947,-4.511278195488721
2025-03-26,65800,68500,65500,67900,627332,6.929133858267717
2025-03-27,67300,68100,65500,65500,213611,-3.5346097201767304
2025-03-28,65400,65400,60900,61600,327888,-5.9541984732824424
2025-03-31,60500,62600,59900,62000,204867,0.6493506493506493
2025-04-01,62300,62900,60900,62300,221265,0.4838709677419355
2025-04-02,63200,63500,59800,59900,250245,-3.8523274478330656
2025-04-03,58700,60700,58000,60600,186423,1.1686143572621035
2025-04-04,59700,59900,55100,57000,519692,-5.9405940594059405
2025-04-07,54100,54400,51200,52400,344550,-8.070175438596491
2025-04-08,53600,53700,51900,52500,203764,0.19083969465648853
2025-04-09,51600,52300,49900,50200,232842,-4.380952380952381
2025-04-10,53600,53600,52300,53000,180596,5.577689243027888
2025-04-11,52000,54700,51800,54700,158128,3.207547169811321
2025-04-14,55900,55900,54400,54800,190277,0.18281535648994515
2025-04-15,55400,55600,55000,55400,103098,1.094890510948905
2025-04-16,55500,55900,54600,54800,129086,-1.083032490974729
2025-04-17,54400,55000,54000,54700,140585,-0.18248175182481752
2025-04-18,55200,55200,54200,54400,84622,-0.5484460694698354
2025-04-21,54900,54900,54000,54100,86070,-0.5514705882352942
2025-04-22,53800,55000,53700,54600,87437,0.9242144177449169
2025-04-23,55600,56500,55300,55600,168091,1.8315018315018317
2025-04-24,56400,56700,55300,55800,98681,0.3597122302158274
2025-04-25,56400,57900,56300,57100,212765,2.3297491039426523
2025-04-28,57300,57500,56300,56700,113771,-0.7005253940455342
2025-04-29,56700,57400,56200,57400,92367,1.2345679012345678
2025-04-30,57400,60300,57100,59300,388799,3.3101045296167246
2025-05-02,59700,59800,56700,58900,186968,-0.6745362563237773
2025-05-07,60000,61500,59700,61400,263861,4.244482173174872
2025-05-08,61700,62000,60100,60700,283837,-1.1400651465798046
2025-05-09,61100,65600,60700,64400,543012,6.095551894563426
2025-05-12,64000,64200,59500,59700,494072,-7.298136645962733
2025-05-13,59100,59100,57200,58400,254324,-2.1775544388609713
2025-05-14,58900,59500,58300,58900,194262,0.8561643835616438
2025-05-15,59000,59100,57800,58000,157915,-1.5280135823429541
2025-05-16,58500,59400,57900,58300,166603,0.5172413793103449
2025-05-19,57400,58600,57000,57300,89257,-1.7152658662092626
2025-05-20,57700,59200,57300,58000,159271,1.2216404886561953
2025-05-21,58000,59400,58000,58700,111914,1.206896551724138
2025-05-22,58400,58500,57400,57600,104440,-1.8739352640545146
2025-05-23,57800,61800,57200,61600,441220,6.944444444444445
2025-05-26,61800,63500,61000,63500,318484,3.0844155844155843
2025-05-27,63700,64600,62700,63400,216688,-0.15748031496062992
2025-05-28,63500,63900,61800,62300,229060,-1.7350157728706623
2025-05-29,62800,62800,61100,62500,156133,0.32102728731942215
2025-05-30,62000,63000,61400,62000,125118,-0.8
2025-06-02,61600,63500,61600,62700,181734,1.129032258064516
2025-06-04,62800,65300,62100,65300,307688,4.146730462519936
2025-06-05,66000,66100,64300,64900,197748,-0.6125574272588056
2025-06-09,64900,66000,64400,66000,189968,1.694915254237288
2025-06-10,67400,77000,67100,77000,1700993,16.666666666666664
2025-06-11,85200,86500,80500,84200,1138260,9.35064935064935
2025-06-12,83200,88400,83000,87600,722432,4.038004750593824
2025-06-13,93800,110500,93500,107000,4404748,22.146118721461185
2025-06-16,111000,111000,105100,107000,1043067,0.0
2025-06-17,102700,107000,102000,104500,752524,-2.336448598130841
2025-06-18,109500,110400,104800,108100,831420,3.4449760765550237
2025-06-19,108100,128900,107600,126500,3133893,17.02127659574468
2025-06-20,129900,134000,123800,126500,1152634,0.0
2025-06-23,144900,149500,133800,136000,1261681,7.5098814229249005
2025-06-24,123600,126800,116000,125200,1475271,-7.941176470588235
2025-06-25,128300,133300,122500,130400,950364,4.15335463258786
2025-06-26,127200,134100,125100,131400,647710,0.7668711656441718
2025-06-27,132100,140900,130100,136400,773262,3.8051750380517504
2025-06-30,136000,136000,125000,128700,635984,-5.64516129032258
2025-07-01,128800,131200,121600,123700,538214,-3.8850038850038846
2025-07-02,124100,127000,112600,118500,664098,-4.203718674211803
2025-07-03,121500,126500,119000,120100,482582,1.350210970464135
2025-07-04,120100,121100,109000,114600,509015,-4.579517069109076
2025-07-07,111900,123400,110100,120000,512653,4.712041884816754
2025-07-08,120500,123000,117600,122200,308899,1.8333333333333333
2025-07-09,129000,134000,125000,127800,707189,4.582651391162029
2025-07-10,128300,139600,126700,133500,655813,4.460093896713615
2025-07-11,134000,137200,128600,134700,332361,0.8988764044943821
2025-07-14,136000,138400,127900,132400,438194,-1.7074981440237564
2025-07-15,132500,155500,132300,155200,1820982,17.220543806646525
2025-07-16,155600,168000,150800,164000,1270585,5.670103092783505
2025-07-17,167000,167900,161100,165000,455373,0.6097560975609756
2025-07-18,163800,164300,159000,160800,354537,-2.5454545454545454
2025-07-21,156800,162600,156400,160300,333811,-0.3109452736318408
2025-07-22,159200,159500,151400,154900,340682,-3.3686837180286964
2025-07-23,157000,163500,154100,162400,423224,4.841833440929632
2025-07-24,161200,163000,154100,158000,354102,-2.70935960591133
2025-07-25,159500,161200,156200,158900,231168,0.569620253164557
2025-07-28,159300,167800,156400,162000,336247,1.9509125235997484
2025-07-29,159900,166600,156400,164800,314436,1.728395061728395
2025-07-30,167200,172200,158400,159700,374005,-3.0946601941747574
2025-07-31,154900,164000,152100,160800,456782,0.6887914840325611
2025-08-01,158700,159500,132500,135500,1523020,-15.733830845771143
2025-08-04,131500,136600,131400,135500,419216,0.0
2025-08-05,136000,137600,133100,134400,416666,-0.8118081180811807
2025-08-06,133000,133700,128000,131000,534730,-2.5297619047619047
2025-08-07,131000,131100,124600,127000,562122,-3.0534351145038165
2025-08-08,125100,125400,120200,122000,451566,-3.937007874015748
2025-08-11,119500,121500,118600,120400,193925,-1.3114754098360655
2025-08-12,122700,123200,118600,118800,194917,-1.3289036544850499
2025-08-13,119600,122100,117700,121100,191840,1.936026936026936
2025-08-14,121700,125600,121100,122600,296409,1.2386457473162675
2025-08-18,120800,122300,120100,121300,141056,-1.0603588907014683
2025-08-19,119500,120000,113500,114800,272494,-5.3586150041220115
2025-08-20,111400,115300,108500,114700,328275,-0.08710801393728224
2025-08-21,116100,118700,115300,116200,190726,1.3077593722755012
2025-08-22,118400,122000,118300,119200,251654,2.5817555938037864
2025-08-25,121000,121700,118100,121500,152633,1.929530201342282
2025-08-26,120200,121000,118900,120500,121917,-0.823045267489712
2025-08-27,120100,120500,117100,118900,108158,-1.3278008298755186
2025-08-28,118700,120700,117600,119200,121588,0.2523128679562658
2025-08-29,120300,120400,118000,118800,75748,-0.33557046979865773
2025-09-01,119100,120900,117400,117900,140007,-0.7575757575757576
2025-09-02,118300,121000,116900,120600,161488,2.2900763358778624
2025-09-03,121700,127100,121000,121000,444517,0.33167495854063017
2025-09-04,122100,122700,118700,119000,127999,-1.6528925619834711
2025-09-05,119000,119200,116600,118200,110197,-0.6722689075630253
2025-09-08,118700,120600,117500,120500,107942,1.94585448392555
2025-09-09,120600,121900,118400,120700,149355,0.16597510373443983
2025-09-10,120800,122900,119800,121600,199217,0.7456503728251864
2025-09-11,121900,123200,120000,120700,302826,-0.7401315789473684
2025-09-12,121000,132700,119000,126500,1022512,4.8053024026512015
2025-09-15,128700,133000,127800,130500,592782,3.1620553359683794
2025-09-16,133800,141500,133000,137800,878264,5.593869731800766
2025-09-17,137800,137900,131300,132100,353685,-4.136429608127721
2025-09-18,134100,134200,126500,128400,322140,-2.8009084027252085
2025-09-19,128900,131900,128000,128000,207907,-0.3115264797507788
2025-09-22,128500,128900,123600,125400,258885,-2.03125
2025-09-23,126100,126700,123000,123200,170272,-1.7543859649122806
2025-09-24,124900,126500,123500,124900,199063,1.37987012987013
2025-09-25,130300,131500,127400,128900,465664,3.2025620496397114
2025-09-26,130100,130300,122400,123200,241230,-4.422032583397983
2025-09-29,124200,124700,119000,121600,288166,-1.2987012987012987
2025-09-30,122100,127000,122000,124700,200675,2.549342105263158
2025-10-01,124700,134000,124000,132300,385531,6.094627105052125
2025-10-02,130700,132900,125700,130400,367679,-1.436130007558579
2025-10-10,128100,128100,122800,125000,295000,-4.141104294478527
2025-10-13,121300,124000,121100,122300,180681,-2.16
2025-10-14,123200,135000,123100,127200,650600,4.006541291905151
2025-10-15,130500,134000,126800,132200,329219,3.930817610062893
2025-10-16,130700,130800,121100,122300,843373,-7.488653555219364
2025-10-17,122000,122000,116600,117000,411851,-4.333605887162715
2025-10-20,118600,120600,118200,120000,212231,2.564102564102564
2025-10-21,121300,122000,118300,119100,191053,-0.75
2025-10-22,120000,120900,117600,119800,241404,0.5877413937867338
2025-10-23,120700,121000,118500,119000,209142,-0.667779632721202
2025-10-24,120500,120900,118000,119800,228574,0.6722689075630253
2025-10-27,119800,120700,117400,120000,259285,0.1669449081803005
2025-10-28,120900,121000,117800,118700,200445,-1.0833333333333335
2025-10-29,119100,120000,116800,119200,202685,0.42122999157540014
2025-10-30,120000,122000,118500,119800,272205,0.5033557046979865
2025-10-31,119500,119500,109300,110000,694726,-8.180300500834726
