날짜,시가,고가,저가,종가,거래량,등락률
2015-01-02,38700,41950,38000,40500,45854,3.979460847240052
2015-01-05,40200,41200,39650,41000,51424,1.2345679012345678
2015-01-06,40500,41800,40400,40850,41514,-0.3658536585365854
2015-01-07,40350,41200,39850,40550,25908,-0.7343941248470013
2015-01-08,40600,43050,40600,42750,112349,5.425400739827373
2015-01-09,42950,44400,42100,43050,53587,0.7017543859649122
2015-01-12,43150,45900,42700,43500,111008,1.0452961672473868
2015-01-13,43550,47300,43550,45700,253035,5.057471264367816
2015-01-14,45400,48000,44500,46600,165358,1.9693654266958425
2015-01-15,46900,46900,45050,46550,123658,-0.1072961373390558
2015-01-16,46550,47200,45350,47050,101356,1.0741138560687433
2015-01-19,46850,48050,46300,46950,110559,-0.21253985122210414
2015-01-20,46950,47800,46450,47200,39925,0.5324813631522897
2015-01-21,47400,48600,47200,47700,46733,1.059322033898305
2015-01-22,48000,49050,47000,48250,77372,1.1530398322851152
2015-01-23,48900,48900,47600,47650,26454,-1.2435233160621761
2015-01-26,47300,48300,46900,47100,32660,-1.154249737670514
2015-01-27,46900,48550,46350,47600,67181,1.0615711252653928
2015-01-28,48100,50900,47000,49800,105500,4.621848739495799
2015-01-29,50300,51100,48600,51100,80324,2.610441767068273
2015-01-30,51300,51500,49400,50200,67493,-1.761252446183953
2015-02-02,50300,50900,49000,49600,38552,-1.1952191235059761
2015-02-03,49600,49800,48500,49050,55380,-1.1088709677419355
2015-02-04,49400,51000,49200,50200,45374,2.344546381243629
2015-02-05,50300,52000,49250,49750,56195,-0.8964143426294822
2015-02-06,50000,50000,48500,48900,20559,-1.7085427135678393
2015-02-09,49400,50400,48050,49700,42863,1.6359918200409
2015-02-10,49350,51500,49000,50900,44176,2.414486921529175
2015-02-11,50900,50900,49000,49100,42544,-3.536345776031434
2015-02-12,48650,49550,48650,49200,41144,0.20366598778004072
2015-02-13,48750,49650,47400,48550,66134,-1.321138211382114
2015-02-16,48200,49200,47550,47800,55840,-1.544799176107106
2015-02-17,47500,48600,47200,48450,19860,1.3598326359832638
2015-02-23,47650,48450,47150,47200,55806,-2.5799793601651184
2015-02-24,47200,51900,47200,51700,99573,9.533898305084746
2015-02-25,51900,55600,51300,53600,75490,3.67504835589942
2015-02-26,53600,54100,51500,52900,48748,-1.3059701492537312
2015-02-27,53900,55800,52100,52500,58538,-0.7561436672967864
2015-03-02,52900,54900,52000,54200,48640,3.2380952380952377
2015-03-03,55700,55700,52000,52100,45690,-3.8745387453874542
2015-03-04,52300,53500,51100,53000,42252,1.727447216890595
2015-03-05,52300,52400,50500,51100,57490,-3.5849056603773586
2015-03-06,51200,51500,49850,50700,37108,-0.7827788649706457
2015-03-09,50600,51700,49050,51200,48449,0.9861932938856016
2015-03-10,50600,51300,49300,49600,46099,-3.125
2015-03-11,49100,50800,48950,49400,28041,-0.4032258064516129
2015-03-12,50700,51200,49400,50900,33090,3.0364372469635628
2015-03-13,51000,51800,49600,50300,43076,-1.1787819253438114
2015-03-16,49950,51200,49600,50600,37531,0.5964214711729622
2015-03-17,50500,51000,49250,49250,42424,-2.66798418972332
2015-03-18,48950,49300,47550,47800,76203,-2.9441624365482233
2015-03-19,48000,48350,47000,47750,46572,-0.10460251046025104
2015-03-20,47950,50800,47750,50700,81776,6.178010471204189
2015-03-23,50700,52200,49500,51000,55362,0.591715976331361
2015-03-24,52000,52000,50000,50700,42129,-0.5882352941176471
2015-03-25,50700,51800,49900,51100,30745,0.7889546351084813
2015-03-26,50900,52000,49500,49700,45640,-2.73972602739726
2015-03-27,49450,50100,48150,49400,56560,-0.6036217303822937
2015-03-30,48950,51100,48950,50900,36255,3.0364372469635628
2015-03-31,51900,53400,50900,52700,78978,3.536345776031434
2015-04-01,52000,55600,51500,55200,88495,4.743833017077799
2015-04-02,55200,57800,54200,56100,67741,1.6304347826086956
2015-04-03,56100,62200,55200,58600,70293,4.45632798573975
2015-04-06,59300,60400,56300,57800,66361,-1.3651877133105803
2015-04-07,57800,59700,57100,58000,84347,0.34602076124567477
2015-04-08,57900,59100,56500,58200,47949,0.3448275862068966
2015-04-09,57600,60200,57600,59800,91548,2.7491408934707904
2015-04-10,61200,63000,59600,62000,110673,3.678929765886288
2015-04-13,62800,63700,61500,62900,88046,1.4516129032258065
2015-04-14,63100,64100,60000,61100,74779,-2.8616852146263914
2015-04-15,60600,62100,59500,61500,55557,0.6546644844517185
2015-04-16,60900,61400,59300,60700,49434,-1.3008130081300813
2015-04-17,60000,60700,58700,60200,58291,-0.8237232289950577
2015-04-20,59600,60900,58400,60900,71139,1.1627906976744187
2015-04-21,60900,65900,58800,64400,119525,5.747126436781609
2015-04-22,64700,65100,62000,64100,99401,-0.4658385093167702
2015-04-23,64200,65500,61500,64800,79913,1.0920436817472698
2015-04-24,64400,65900,63000,64600,41081,-0.30864197530864196
2015-04-27,64600,67200,64600,67200,46597,4.024767801857585
2015-04-28,68600,71100,66200,67500,72148,0.4464285714285714
2015-04-29,67500,71500,67500,71000,64915,5.185185185185185
2015-04-30,71000,72500,70100,72400,35622,1.971830985915493
2015-05-04,73500,73500,67900,70200,66392,-3.0386740331491713
2015-05-06,70800,71400,68000,68800,38614,-1.9943019943019942
2015-05-07,68800,70300,66000,68700,69625,-0.14534883720930233
2015-05-08,69800,74200,68600,72700,75508,5.822416302765648
2015-05-11,73000,74300,71800,73800,35783,1.5130674002751032
2015-05-12,74600,74600,71700,73500,29742,-0.40650406504065045
2015-05-13,75000,75600,72000,74300,71852,1.0884353741496597
2015-05-14,74800,78500,74700,77000,75620,3.6339165545087484
2015-05-15,78600,82300,76700,79400,73055,3.116883116883117
2015-05-18,80700,82100,78600,81400,51305,2.518891687657431
2015-05-19,82500,82500,79200,80200,49100,-1.4742014742014742
2015-05-20,80400,82000,79800,79900,37650,-0.3740648379052369
2015-05-21,80500,84500,79900,83800,70659,4.881101376720901
2015-05-22,83800,84300,81800,82000,62321,-2.1479713603818613
2015-05-26,81500,82500,78500,81600,67107,-0.4878048780487805
2015-05-27,81600,81700,79000,81500,45605,-0.12254901960784313
2015-05-28,82000,84400,81700,83000,67874,1.8404907975460123
2015-05-29,82000,91800,82000,84500,143795,1.8072289156626504
2015-06-01,84700,91100,83800,91000,91962,7.6923076923076925
2015-06-02,91000,92000,86000,88100,111919,-3.1868131868131866
2015-06-03,88900,89300,86700,89200,71103,1.2485811577752552
2015-06-04,88000,93200,87400,89500,55567,0.336322869955157
2015-06-05,89500,92600,87600,91100,68674,1.7877094972067038
2015-06-08,91200,93000,89400,92900,55974,1.9758507135016465
2015-06-09,94800,94800,90300,92800,84988,-0.1076426264800861
2015-06-10,94000,94800,90300,91600,66676,-1.293103448275862
2015-06-11,91600,93700,88600,90300,286928,-1.4192139737991267
2015-06-12,90300,93300,87800,92000,118401,1.8826135105204873
2015-06-15,91900,93000,89600,92200,49680,0.21739130434782608
2015-06-16,91100,92200,89200,90700,60844,-1.6268980477223427
2015-06-17,90700,94000,90300,93500,47411,3.0871003307607494
2015-06-18,94000,103500,92500,98700,109633,5.561497326203209
2015-06-19,98700,103500,97700,98700,92637,0.0
2015-06-22,98800,101500,97700,101000,33384,2.330293819655522
2015-06-23,101500,102000,99700,100500,38754,-0.49504950495049505
2015-06-24,100000,101000,96100,96200,67516,-4.27860696517413
2015-06-25,96100,98800,95500,98000,58682,1.8711018711018712
2015-06-26,97900,98400,95900,97000,36150,-1.0204081632653061
2015-06-29,96000,102000,94000,101500,45817,4.639175257731959
2015-06-30,100000,101000,96500,98700,67255,-2.7586206896551726
2015-07-01,98000,99400,96500,99200,33641,0.5065856129685917
2015-07-02,97600,98300,90500,93900,523970,-5.342741935483871
2015-07-03,94300,102000,94000,94900,129815,1.0649627263045793
2015-07-06,94900,96300,93000,93400,32178,-1.5806111696522658
2015-07-07,93600,95500,91000,93300,40518,-0.10706638115631692
2015-07-08,93400,94100,91100,93100,54204,-0.21436227224008575
2015-07-09,93000,93000,82000,91000,131161,-2.2556390977443606
2015-07-10,92000,95800,90800,94400,43332,3.7362637362637363
2015-07-13,95500,95500,92200,94000,23034,-0.423728813559322
2015-07-14,94100,96400,93100,96100,30286,2.2340425531914896
2015-07-15,96000,98400,96000,97100,23655,1.040582726326743
2015-07-16,97200,97400,93600,94000,32787,-3.192584963954686
2015-07-17,94800,97400,94700,96000,31612,2.127659574468085
2015-07-20,96000,96100,93800,94300,26196,-1.7708333333333333
2015-07-21,93500,94500,90000,91600,45503,-2.863202545068929
2015-07-22,90300,91600,87600,89400,59056,-2.4017467248908297
2015-07-23,88000,89200,83900,86600,106565,-3.131991051454139
2015-07-24,86000,89700,83200,88700,44657,2.424942263279446
2015-07-27,92000,92000,86100,88700,54882,0.0
2015-07-28,88200,88200,83600,84600,51728,-4.6223224351747465
2015-07-29,83600,88100,83600,86100,48380,1.773049645390071
2015-07-30,86500,89300,82600,85800,69933,-0.34843205574912894
2015-07-31,87900,87900,82000,83400,48237,-2.797202797202797
2015-08-03,82200,84400,78600,79000,65921,-5.275779376498801
2015-08-04,77300,81600,77300,80400,46683,1.7721518987341773
2015-08-05,79300,85600,79300,83900,45734,4.353233830845771
2015-08-06,85400,91000,85400,91000,60365,8.462455303933254
2015-08-07,90100,91200,88700,90100,28995,-0.9890109890109889
2015-08-10,88600,90000,84100,84500,32861,-6.215316315205328
2015-08-11,85200,86800,81600,82900,41421,-1.8934911242603552
2015-08-12,82900,83500,78000,81000,53908,-2.2919179734620023
2015-08-13,81900,81900,76900,80200,51811,-0.9876543209876543
2015-08-17,81500,84500,80200,81200,46648,1.2468827930174564
2015-08-18,81200,81300,76600,78900,61440,-2.832512315270936
2015-08-19,78000,78000,69700,74800,143616,-5.196451204055767
2015-08-20,71800,74800,71800,73700,48650,-1.4705882352941175
2015-08-21,73300,76500,69200,75500,84293,2.4423337856173677
2015-08-24,75700,77300,71800,74600,61836,-1.1920529801324504
2015-08-25,74600,76500,71300,74900,69407,0.40214477211796246
2015-08-26,74000,78000,72500,76400,66119,2.0026702269692924
2015-08-27,76900,81900,76800,80600,58773,5.49738219895288
2015-08-28,80400,82800,79000,80800,45355,0.24813895781637718
2015-08-31,79800,81500,78800,78800,21039,-2.4752475247524752
2015-09-01,78200,82000,78200,79900,42159,1.3959390862944163
2015-09-02,77800,80800,75600,77000,64753,-3.629536921151439
2015-09-03,77200,78500,74100,75300,62900,-2.207792207792208
2015-09-04,74200,76000,73600,75100,26594,-0.2656042496679947
2015-09-07,74000,75500,73600,73900,26817,-1.5978695073235687
2015-09-08,75000,75000,70100,71700,28760,-2.9769959404600814
2015-09-09,73000,78100,72700,77300,39890,7.810320781032078
2015-09-10,77300,78200,76000,78100,32245,1.034928848641656
2015-09-11,76700,78600,75200,76600,20708,-1.9206145966709345
2015-09-14,77000,77800,74300,74400,18903,-2.8720626631853787
2015-09-15,74500,76600,74500,76300,16991,2.553763440860215
2015-09-16,77000,80200,76000,79900,42583,4.718217562254259
2015-09-17,81000,81300,77200,77900,38264,-2.5031289111389237
2015-09-18,78000,87100,76600,83800,136036,7.573812580231065
2015-09-21,82900,83800,78500,78800,49949,-5.966587112171838
2015-09-22,78800,78800,75500,75800,55172,-3.807106598984772
2015-09-23,76000,76000,70500,72700,103268,-4.089709762532982
2015-09-24,73700,74000,71300,73100,44628,0.5502063273727648
2015-09-25,73300,74500,71500,74100,43823,1.3679890560875512
2015-09-30,72000,73500,71200,73300,47960,-1.0796221322537112
2015-10-01,72600,73700,72100,73000,23544,-0.4092769440654843
2015-10-02,73700,74200,72700,72700,20780,-0.410958904109589
2015-10-05,73700,73700,72300,72900,16542,0.2751031636863824
2015-10-06,74000,76600,73300,76300,43091,4.663923182441701
2015-10-07,76000,76600,73100,73300,38083,-3.9318479685452163
2015-10-08,73300,73800,70200,72100,53127,-1.6371077762619373
2015-10-12,72100,72700,70900,71900,53048,-0.27739251040221913
2015-10-13,71100,71600,69500,71200,39408,-0.9735744089012517
2015-10-14,70300,71000,69200,69500,41093,-2.387640449438202
2015-10-15,68200,70900,68100,70200,46815,1.0071942446043165
2015-10-16,69600,71900,69300,69900,36801,-0.4273504273504274
2015-10-19,69500,70900,68700,70000,22754,0.14306151645207438
2015-10-20,70000,70700,68300,70400,30840,0.5714285714285714
2015-10-21,70200,70800,69600,69900,16159,-0.7102272727272727
2015-10-22,69100,70800,68700,70600,33275,1.0014306151645207
2015-10-23,71200,71200,69400,69800,45815,-1.13314447592068
2015-10-26,70700,70700,68800,70400,23244,0.8595988538681949
2015-10-27,70600,70600,69400,69900,8266,-0.7102272727272727
2015-10-28,69900,70000,68400,69200,23269,-1.0014306151645207
2015-10-29,69500,69500,66900,68400,36978,-1.1560693641618496
2015-10-30,68700,68700,66400,67000,26251,-2.046783625730994
2015-11-02,66500,66700,64300,65400,46763,-2.3880597014925375
2015-11-03,65400,65700,63800,64900,35839,-0.764525993883792
2015-11-04,65000,65000,63500,64500,40128,-0.6163328197226503
2015-11-05,64500,64600,63600,64400,29868,-0.15503875968992248
2015-11-06,64400,64900,63500,63900,37094,-0.7763975155279503
2015-11-09,64300,65300,63400,64500,22955,0.9389671361502347
2015-11-10,64500,64600,59900,62000,60955,-3.875968992248062
2015-11-11,61000,63600,60700,62800,21821,1.2903225806451613
2015-11-12,62000,63000,61000,61000,15641,-2.8662420382165608
2015-11-13,60300,61200,60000,60600,23585,-0.6557377049180327
2015-11-16,58200,61400,58200,60700,49076,0.16501650165016502
2015-11-17,60800,61700,59800,60500,28135,-0.3294892915980231
2015-11-18,60500,61000,59100,60500,29787,0.0
2015-11-19,60400,64700,60400,64500,37363,6.6115702479338845
2015-11-20,64500,64500,62800,63800,18619,-1.0852713178294573
2015-11-23,64000,64700,61600,61900,27704,-2.978056426332288
2015-11-24,61200,63500,61100,62700,15391,1.2924071082390953
2015-11-25,63600,67000,61800,67000,42132,6.8580542264752795
2015-11-26,67100,67100,65200,66600,36070,-0.5970149253731344
2015-11-27,66600,67000,65400,66900,22870,0.45045045045045046
2015-11-30,66500,66800,63600,64900,38970,-2.9895366218236172
2015-12-01,64400,65800,64200,65100,23315,0.30816640986132515
2015-12-02,65000,65500,63800,64100,19967,-1.5360983102918586
2015-12-03,62500,62600,58000,62000,88599,-3.2761310452418098
2015-12-04,62000,63200,61000,62900,14361,1.4516129032258065
2015-12-07,62900,63900,61500,62200,17582,-1.1128775834658187
2015-12-08,61700,62200,59800,60500,16799,-2.7331189710610935
2015-12-09,61300,62500,58900,60100,35849,-0.6611570247933884
2015-12-10,59600,59900,58000,58000,41709,-3.494176372712146
2015-12-11,58000,58900,57200,58200,25018,0.3448275862068966
2015-12-14,57900,57900,55800,56000,25115,-3.7800687285223367
2015-12-15,55200,56200,49700,54100,232397,-3.392857142857143
2015-12-16,53300,54600,52000,54000,108189,-0.18484288354898337
2015-12-17,54600,58200,54000,57700,68029,6.851851851851852
2015-12-18,57500,59500,56500,58700,60955,1.733102253032929
2015-12-21,58600,58900,57200,58600,22090,-0.17035775127768313
2015-12-22,58700,59400,56200,57000,47988,-2.7303754266211606
2015-12-23,57100,61800,57100,59500,101060,4.385964912280701
2015-12-24,60000,63600,59500,63000,82560,5.88235294117647
2015-12-28,62700,63000,60600,61000,36000,-3.1746031746031744
2015-12-29,61200,64000,60200,63300,46168,3.7704918032786887
2015-12-30,63600,64200,62000,62100,27483,-1.8957345971563981
2016-01-04,62200,63100,59100,59200,59486,-4.669887278582931
2016-01-05,58000,59800,58000,59000,66616,-0.33783783783783783
2016-01-06,59600,64500,58900,64000,96302,8.47457627118644
2016-01-07,64000,67500,63400,66600,96462,4.0625
2016-01-08,66600,67500,64900,65300,57553,-1.951951951951952
2016-01-11,64500,65500,62100,62300,33530,-4.594180704441041
2016-01-12,62400,64900,62400,62700,36638,0.6420545746388443
2016-01-13,63200,68500,63100,67800,77203,8.133971291866029
2016-01-14,66400,68200,65200,68000,44017,0.2949852507374631
2016-01-15,68200,71500,67500,71100,76344,4.5588235294117645
2016-01-18,71100,71800,68700,69900,40010,-1.6877637130801686
2016-01-19,69800,69800,67000,67700,46745,-3.1473533619456364
2016-01-20,67800,68700,62200,63300,109438,-6.499261447562777
2016-01-21,63400,63800,59600,60000,152153,-5.213270142180095
2016-01-22,60500,61100,59000,61100,49337,1.8333333333333333
2016-01-25,61400,62000,59900,60800,73360,-0.4909983633387889
2016-01-26,60800,61800,59400,60000,33145,-1.3157894736842104
2016-01-27,60800,63100,59800,61100,50390,1.8333333333333333
2016-01-28,61100,61800,58800,59700,51753,-2.2913256955810146
2016-01-29,59600,60400,59000,59700,28261,0.0
2016-02-01,59800,59900,56500,57600,64606,-3.5175879396984926
2016-02-02,57300,61000,57300,60700,42951,5.381944444444445
2016-02-03,60300,60300,58300,59100,35805,-2.6359143327841847
2016-02-04,59200,60400,58700,59100,20494,0.0
2016-02-05,58800,59500,58200,59200,21851,0.1692047377326565
2016-02-11,58200,58200,53800,54300,71334,-8.277027027027026
2016-02-12,54100,54200,49700,52300,69695,-3.683241252302026
2016-02-15,52300,53400,51400,52200,53636,-0.19120458891013384
2016-02-16,52300,55700,51900,55400,48902,6.130268199233716
2016-02-17,54600,56600,53900,54700,40609,-1.263537906137184
2016-02-18,56200,58900,55600,58600,51362,7.129798903107861
2016-02-19,58800,62400,57500,61700,64313,5.290102389078498
2016-02-22,61700,62300,59500,61600,25921,-0.1620745542949757
2016-02-23,61600,61600,58500,58500,41198,-5.032467532467533
2016-02-24,58400,59100,55700,55800,59027,-4.615384615384616
2016-02-25,55900,57500,55400,56400,59971,1.0752688172043012
2016-02-26,56300,56900,55400,56500,45419,0.1773049645390071
2016-02-29,57200,57200,55600,56900,39826,0.7079646017699115
2016-03-02,57500,57500,55700,56600,58842,-0.5272407732864675
2016-03-03,56400,56500,55500,55700,63690,-1.5901060070671376
2016-03-04,55700,57300,54400,54800,72073,-1.615798922800718
2016-03-07,54800,55700,53500,53900,58697,-1.6423357664233578
2016-03-08,54200,57300,54000,56800,70247,5.380333951762523
2016-03-09,56800,56900,55200,56200,48885,-1.056338028169014
2016-03-10,56200,56700,55400,56500,46663,0.5338078291814947
2016-03-11,56100,56400,55100,55500,35302,-1.7699115044247788
2016-03-14,55900,55900,53100,53300,61782,-3.963963963963964
2016-03-15,53300,56300,53300,55800,61202,4.690431519699812
2016-03-16,55900,57800,55800,57400,62176,2.867383512544803
2016-03-17,57800,57900,56100,57100,34993,-0.5226480836236934
2016-03-18,56500,57300,55400,56300,43612,-1.4010507880910683
2016-03-21,56300,56900,55000,55100,27108,-2.1314387211367674
2016-03-22,54700,54900,53900,54400,31143,-1.2704174228675136
2016-03-23,54400,55400,53700,54900,37196,0.9191176470588236
2016-03-24,55100,60100,54800,59400,126628,8.19672131147541
2016-03-25,59800,65700,59800,64700,207326,8.922558922558922
2016-03-28,64700,65200,62800,64200,74767,-0.7727975270479135
2016-03-29,64200,66000,63400,65100,77450,1.4018691588785046
2016-03-30,64400,69100,63900,68000,128444,4.45468509984639
2016-03-31,68000,68900,65300,68400,66145,0.5882352941176471
2016-04-01,68400,68600,65700,67000,95618,-2.046783625730994
2016-04-04,66400,67700,65800,66400,50109,-0.8955223880597015
2016-04-05,66200,67400,65800,66700,43152,0.4518072289156626
2016-04-06,66100,67400,65500,66800,40758,0.14992503748125938
2016-04-07,66600,72000,66100,71600,106915,7.18562874251497
2016-04-08,70700,74100,70000,73700,87901,2.9329608938547485
2016-04-11,74100,75000,72500,74100,62817,0.5427408412483039
2016-04-12,73500,74000,70000,71800,61654,-3.1039136302294197
2016-04-14,73000,73000,71000,72800,40347,1.392757660167131
2016-04-15,71700,72900,71700,72400,30149,-0.5494505494505495
2016-04-18,71000,72300,70300,70400,31001,-2.7624309392265194
2016-04-19,70400,73500,70300,73000,41961,3.6931818181818183
2016-04-20,73800,74100,70300,70400,59170,-3.5616438356164384
2016-04-21,72700,77200,71900,75600,88477,7.386363636363637
2016-04-22,75700,76200,74300,74500,29180,-1.455026455026455
2016-04-25,73600,77000,73600,74000,26861,-0.6711409395973155
2016-04-26,73500,77100,73500,76200,48657,2.9729729729729732
2016-04-27,79400,79500,73000,74300,57505,-2.493438320209974
2016-04-28,74500,75500,72700,72700,37598,-2.1534320323014806
2016-04-29,74200,74200,71600,72100,40112,-0.8253094910591471
2016-05-02,72500,73000,70700,72100,37773,0.0
2016-05-03,72100,73900,72100,73200,45530,1.5256588072122053
2016-05-04,72300,75500,72300,73200,57227,0.0
2016-05-09,72700,74500,72700,73600,35122,0.546448087431694
2016-05-10,73600,74600,70100,74200,45991,0.8152173913043478
2016-05-11,74200,76000,72600,75200,41750,1.3477088948787064
2016-05-12,74000,75200,73800,74600,21209,-0.7978723404255319
2016-05-13,74100,74700,72400,73000,22939,-2.1447721179624666
2016-05-16,74000,75300,72500,73700,45876,0.9589041095890412
2016-05-17,73700,75200,73100,74800,35451,1.4925373134328357
2016-05-18,75100,75500,74300,75100,56931,0.4010695187165776
2016-05-19,74800,75700,73900,75600,29550,0.6657789613848202
2016-05-20,76500,77500,74100,76600,50022,1.3227513227513228
2016-05-23,76600,76600,74600,75600,31717,-1.3054830287206265
2016-05-24,76200,77000,75300,76600,37046,1.3227513227513228
2016-05-25,76300,78600,76000,78000,55460,1.8276762402088773
2016-05-26,78500,79300,76000,78900,42888,1.153846153846154
2016-05-27,79800,80300,78500,80000,63944,1.394169835234474
2016-05-30,80500,80500,78500,79200,38363,-1.0
2016-05-31,78500,78500,76800,77600,48533,-2.0202020202020203
2016-06-01,76700,78700,76300,77900,53551,0.3865979381443299
2016-06-02,77200,78400,76300,77600,39079,-0.38510911424903727
2016-06-03,77300,78300,76100,78200,41383,0.7731958762886598
2016-06-07,78100,79500,77600,79200,49736,1.278772378516624
2016-06-08,78100,80300,78100,80000,53839,1.0101010101010102
2016-06-09,79500,81200,78100,81200,62011,1.5
2016-06-10,81000,81100,77500,79100,61339,-2.586206896551724
2016-06-13,78900,78900,76000,76300,35955,-3.5398230088495577
2016-06-14,76000,76200,73800,74800,35267,-1.9659239842726082
2016-06-15,74200,79500,74100,75500,47287,0.9358288770053476
2016-06-16,76200,76200,73100,74100,34662,-1.8543046357615895
2016-06-17,74500,77300,73500,74500,37700,0.5398110661268556
2016-06-20,75900,77900,75400,77600,33032,4.1610738255033555
2016-06-21,77600,78400,75000,76400,38692,-1.5463917525773196
2016-06-22,76400,79000,76200,78000,31260,2.094240837696335
2016-06-23,77600,78000,76200,77200,17691,-1.0256410256410255
2016-06-24,77200,79000,70800,76100,63790,-1.4248704663212435
2016-06-27,73700,75800,73400,75500,37195,-0.7884362680683311
2016-06-28,74700,76500,73500,75700,40807,0.26490066225165565
2016-06-29,75300,77300,74700,75400,48690,-0.3963011889035667
2016-06-30,75100,76600,74700,75900,36715,0.6631299734748011
2016-07-01,75900,76800,75100,75200,44114,-0.922266139657444
2016-07-04,74700,79400,74700,77600,55142,3.1914893617021276
2016-07-05,78000,78200,76200,77000,29329,-0.7731958762886598
2016-07-06,76900,77500,75600,76300,29491,-0.9090909090909091
2016-07-07,76700,78000,75000,77600,23483,1.7038007863695939
2016-07-08,78900,78900,76200,78300,25459,0.902061855670103
2016-07-11,79000,80900,78300,80000,47517,2.1711366538952745
2016-07-12,80100,80400,78600,78800,36497,-1.5
2016-07-13,78800,79700,78500,79200,41477,0.5076142131979695
2016-07-14,82400,83200,79700,80400,80410,1.5151515151515151
2016-07-15,80400,80400,78300,78600,95344,-2.2388059701492535
2016-07-18,77800,78100,76000,76900,40045,-2.1628498727735366
2016-07-19,76900,78800,76900,78000,42432,1.4304291287386215
2016-07-20,77800,79500,77400,78400,27051,0.5128205128205128
2016-07-21,78100,79800,77300,77700,43853,-0.8928571428571428
2016-07-22,78200,79100,77200,78200,42923,0.6435006435006435
2016-07-25,78600,79800,77200,78300,34821,0.1278772378516624
2016-07-26,77700,79500,77300,79300,26949,1.277139208173691
2016-07-27,79300,79300,77700,77800,25488,-1.8915510718789406
2016-07-28,78000,78900,77400,78600,47342,1.0282776349614395
2016-07-29,78100,80400,78100,80000,33475,1.7811704834605597
2016-08-01,80000,84500,80000,83500,85274,4.375
2016-08-02,83500,83900,81600,83500,67889,0.0
2016-08-03,83500,85800,82700,85100,57956,1.9161676646706587
2016-08-04,84500,86000,82500,82900,47105,-2.5851938895417157
2016-08-05,83000,83500,80800,81600,41288,-1.5681544028950543
2016-08-08,82000,83000,80100,81000,30740,-0.7352941176470588
2016-08-09,81800,89200,81800,88500,213835,9.25925925925926
2016-08-10,88500,89300,86400,87000,63688,-1.694915254237288
2016-08-11,87600,89800,87100,88500,131439,1.7241379310344827
2016-08-12,88100,90200,87400,87900,56393,-0.6779661016949152
2016-08-16,89000,89000,85300,85300,39100,-2.9579067121729237
2016-08-17,85600,86000,81500,84100,83867,-1.406799531066823
2016-08-18,84500,85000,82100,84100,56506,0.0
2016-08-19,84100,90900,84100,89400,185130,6.302021403091558
2016-08-22,89400,89700,86400,88000,62686,-1.5659955257270695
2016-08-23,88600,92800,87200,89000,151972,1.1363636363636365
2016-08-24,89200,91400,88200,89000,71132,0.0
2016-08-25,89600,89600,87400,89000,57497,0.0
2016-08-26,89100,89600,86900,87500,51817,-1.6853932584269662
2016-08-29,87000,88700,85400,86000,83577,-1.7142857142857144
2016-08-30,86800,90800,86200,90000,105197,4.651162790697675
2016-08-31,89100,91800,87300,89300,79175,-0.7777777777777778
2016-09-01,89300,92900,88500,92400,115120,3.4714445688689812
2016-09-02,92400,93000,89700,90300,52135,-2.272727272727273
2016-09-05,90800,92400,90400,90600,41973,0.33222591362126247
2016-09-06,91100,91500,89100,89800,34848,-0.8830022075055187
2016-09-07,89300,90300,88100,88400,44160,-1.55902004454343
2016-09-08,88600,89700,85600,86000,62283,-2.7149321266968327
2016-09-09,85700,85800,81800,84000,116202,-2.3255813953488373
2016-09-12,81800,82500,80500,80600,75101,-4.0476190476190474
2016-09-13,82400,82400,80000,81100,72941,0.620347394540943
2016-09-19,80000,82500,78600,82000,58848,1.1097410604192355
2016-09-20,82000,83300,81000,82800,49766,0.975609756097561
2016-09-21,82200,83500,81800,82700,40239,-0.12077294685990338
2016-09-22,83500,85400,82900,84800,49201,2.539298669891173
2016-09-23,86000,86000,82500,82800,56734,-2.358490566037736
2016-09-26,83300,85600,81300,83600,59147,0.966183574879227
2016-09-27,82500,84400,82100,83900,35014,0.3588516746411483
2016-09-28,83900,86600,83900,86500,45956,3.098927294398093
2016-09-29,86500,87400,85400,86900,43109,0.46242774566473993
2016-09-30,85800,87600,85100,87300,53159,0.46029919447640966
2016-10-04,87300,88900,86800,87000,40844,-0.3436426116838488
2016-10-05,86600,86900,84300,84700,40800,-2.6436781609195403
2016-10-06,84200,85400,84100,85000,34462,0.3541912632821724
2016-10-07,84400,85400,83800,83900,26529,-1.2941176470588236
2016-10-10,84800,87600,83900,84300,37936,0.47675804529201427
2016-10-11,85900,86700,84600,85300,31633,1.1862396204033214
2016-10-12,86000,86900,84500,85000,45029,-0.3516998827667058
2016-10-13,84400,84400,79800,80800,86197,-4.941176470588235
2016-10-14,80500,82500,80500,81100,19523,0.3712871287128713
2016-10-17,80800,82300,79300,82100,26045,1.2330456226880395
2016-10-18,81700,82300,80100,81200,27236,-1.0962241169305724
2016-10-19,80600,81900,80600,81400,22855,0.24630541871921183
2016-10-20,81100,81700,80200,81100,36352,-0.36855036855036855
2016-10-21,81100,82100,79000,79100,39710,-2.466091245376079
2016-10-24,78700,79300,76000,77000,56974,-2.6548672566371683
2016-10-25,77800,80000,76800,79800,59764,3.6363636363636362
2016-10-26,78900,79100,77200,78700,35815,-1.3784461152882206
2016-10-27,78700,80700,77700,80700,37179,2.5412960609911055
2016-10-28,80000,84900,80000,83800,56603,3.841387856257745
2016-10-31,82500,83600,81600,82800,24184,-1.1933174224343674
2016-11-01,82000,84300,82000,83300,32421,0.6038647342995169
2016-11-02,82200,84000,81700,82100,33734,-1.440576230492197
2016-11-03,81100,83400,80900,82200,36416,0.12180267965895249
2016-11-04,83500,86100,82200,85800,57615,4.37956204379562
2016-11-07,87000,88000,85800,86900,46212,1.282051282051282
2016-11-08,87000,88000,86200,87600,42094,0.805523590333717
2016-11-09,88700,88800,82200,86400,68246,-1.36986301369863
2016-11-10,87600,88600,85600,88000,36390,1.8518518518518516
2016-11-11,87900,87900,84200,85200,41524,-3.1818181818181817
2016-11-14,85300,85600,84100,85300,28135,0.11737089201877934
2016-11-15,86500,87400,85300,87200,58755,2.2274325908558033
2016-11-16,88000,89700,87600,88500,90214,1.4908256880733946
2016-11-17,87000,89000,86500,87700,34443,-0.903954802259887
2016-11-18,87200,88600,85100,86900,34685,-0.9122006841505131
2016-11-21,87000,87900,85500,87100,27774,0.23014959723820483
2016-11-22,87900,87900,84900,86000,41340,-1.2629161882893225
2016-11-23,85200,88800,85200,87600,46040,1.8604651162790697
2016-11-24,87700,89000,86700,87200,22873,-0.45662100456621
2016-11-25,86500,88400,85200,86400,21906,-0.9174311926605505
2016-11-28,87400,87400,85500,86400,30056,0.0
2016-11-29,85200,88700,85200,87400,45728,1.1574074074074074
2016-11-30,88200,88200,85700,87200,41700,-0.2288329519450801
2016-12-01,86100,88400,86000,87800,23258,0.6880733944954129
2016-12-02,87000,88400,85300,86000,35459,-2.050113895216401
2016-12-05,85300,86100,85000,85400,25813,-0.6976744186046512
2016-12-06,86600,86900,84000,85400,44356,0.0
2016-12-07,85100,85400,82800,84000,42476,-1.639344262295082
2016-12-08,84500,86400,83800,86400,51552,2.857142857142857
2016-12-09,85000,87200,85000,86700,20030,0.3472222222222222
2016-12-12,87700,88000,86100,87100,31849,0.461361014994233
2016-12-13,87200,87800,85800,86200,34069,-1.0332950631458095
2016-12-14,87000,87400,83600,84500,108315,-1.9721577726218096
2016-12-15,84500,85500,83600,85000,34570,0.591715976331361
2016-12-16,84700,85700,82700,85000,58038,0.0
2016-12-19,84800,84800,82900,83800,83942,-1.411764705882353
2016-12-20,83800,84800,83000,84000,58028,0.23866348448687352
2016-12-21,84000,84800,83300,83700,51523,-0.35714285714285715
2016-12-22,83800,85000,83400,84400,55126,0.8363201911589008
2016-12-23,84200,86700,82700,84300,63199,-0.11848341232227488
2016-12-26,85100,85500,80900,81500,62132,-3.3214709371292996
2016-12-27,82000,82100,78200,78900,123198,-3.190184049079755
2016-12-28,78300,80200,78000,78600,89360,-0.38022813688212925
2016-12-29,79600,83700,79100,83300,78651,5.979643765903308
2017-01-02,83300,86800,83300,86700,91957,4.081632653061225
2017-01-03,87100,87300,83000,86400,65533,-0.34602076124567477
2017-01-04,86400,86400,83100,83200,74194,-3.7037037037037033
2017-01-05,83200,84400,82200,83100,61351,-0.1201923076923077
2017-01-06,83100,84200,82500,82800,28663,-0.36101083032490977
2017-01-09,82900,83000,80900,81500,48399,-1.570048309178744
2017-01-10,80800,81100,79100,79500,58862,-2.4539877300613497
2017-01-11,79200,80900,79200,79800,50613,0.37735849056603776
2017-01-12,80200,80500,78400,80400,86156,0.7518796992481203
2017-01-13,79800,80700,79100,80300,55873,-0.12437810945273632
2017-01-16,80300,80600,78500,80300,79963,0.0
2017-01-17,80300,80500,78700,78900,81831,-1.7434620174346203
2017-01-18,78600,79100,77500,78100,61326,-1.0139416983523446
2017-01-19,78200,79100,77900,78100,50690,0.0
2017-01-20,78100,78100,76300,77800,67185,-0.3841229193341869
2017-01-23,77800,77800,76100,77000,49081,-1.0282776349614395
2017-01-24,77600,77600,75100,76500,42014,-0.6493506493506493
2017-01-25,76900,76900,75000,75100,27530,-1.8300653594771243
2017-01-26,75100,76000,74100,75700,32000,0.7989347536617843
2017-01-31,75700,77300,74000,75700,31279,0.0
2017-02-01,75700,75800,74300,75100,46955,-0.7926023778071334
2017-02-02,75100,78400,74600,77300,86674,2.929427430093209
2017-02-03,77400,79200,76000,76900,77964,-0.517464424320828
2017-02-06,77800,78100,76300,77000,31996,0.13003901170351106
2017-02-07,77900,77900,74000,74200,66034,-3.6363636363636362
2017-02-08,74000,76900,73800,76600,53876,3.234501347708895
2017-02-09,76400,77400,74400,75700,60406,-1.1749347258485638
2017-02-10,76000,77400,75900,76600,41580,1.1889035667107
2017-02-13,76800,77200,75600,76600,22926,0.0
2017-02-14,77000,80800,76700,79100,79349,3.263707571801567
2017-02-15,80300,80300,77800,79800,44734,0.8849557522123894
2017-02-16,79300,81000,78900,79500,42659,-0.37593984962406013
2017-02-17,79400,80500,78300,78800,26443,-0.8805031446540881
2017-02-20,78100,78800,76800,78500,38909,-0.3807106598984772
2017-02-21,78400,79800,77800,78400,31084,-0.12738853503184713
2017-02-22,78000,79700,77200,79500,27596,1.403061224489796
2017-02-23,79900,80500,78400,79700,28619,0.25157232704402516
2017-02-24,80400,80400,76900,77500,45895,-2.7603513174404015
2017-02-27,78200,78200,75900,76300,35940,-1.5483870967741935
2017-02-28,76300,77500,75800,76700,38336,0.5242463958060288
2017-03-02,77300,77400,75100,75500,40749,-1.564537157757497
2017-03-03,75500,76100,73600,74400,41208,-1.456953642384106
2017-03-06,74400,75200,73000,74500,37420,0.13440860215053765
2017-03-07,75100,76100,74500,75800,22687,1.74496644295302
2017-03-08,75300,76400,74800,75600,33851,-0.2638522427440633
2017-03-09,75000,75800,74300,75400,37466,-0.26455026455026454
2017-03-10,74600,76000,74500,75100,29814,-0.3978779840848806
2017-03-13,74800,76700,74500,76200,37011,1.4647137150466045
2017-03-14,76200,76800,73300,73600,52912,-3.4120734908136483
2017-03-15,74000,75700,73800,75100,35482,2.0380434782608696
2017-03-16,74600,76900,74600,75600,45588,0.6657789613848202
2017-03-17,75600,77300,75100,76500,36763,1.1904761904761905
2017-03-20,77000,77000,75300,75600,18489,-1.1764705882352942
2017-03-21,76600,76700,75100,75500,22048,-0.13227513227513227
2017-03-22,76000,76300,74500,75400,37321,-0.13245033112582782
2017-03-23,75100,75400,73800,74000,44566,-1.8567639257294428
2017-03-24,74500,74900,73600,74100,26883,0.13513513513513514
2017-03-27,74800,75100,74000,74800,27031,0.9446693657219973
2017-03-28,74400,76500,74400,76400,38615,2.13903743315508
2017-03-29,76500,76500,74600,75500,33888,-1.1780104712041886
2017-03-30,75100,76100,74900,75600,21433,0.13245033112582782
2017-03-31,74900,76600,74900,76400,23594,1.0582010582010581
2017-04-03,76000,76900,75900,76300,16359,-0.13089005235602094
2017-04-04,75900,77000,75000,76500,30965,0.2621231979030144
2017-04-05,76900,79900,76000,79800,42100,4.313725490196078
2017-04-06,79000,79300,77500,78700,30346,-1.3784461152882206
2017-04-07,78700,79300,77700,78600,33297,-0.12706480304955528
2017-04-10,77800,78900,77200,77300,30260,-1.653944020356234
2017-04-11,76300,78900,76300,78700,33625,1.8111254851228977
2017-04-12,77700,80500,77700,80300,49577,2.0330368487928845
2017-04-13,80900,81200,79500,81100,36519,0.9962640099626401
2017-04-14,80500,81300,79700,80900,14069,-0.2466091245376079
2017-04-17,79900,82000,79900,81300,23501,0.4944375772558714
2017-04-18,82000,82000,80300,80800,20980,-0.6150061500615006
2017-04-19,80000,81300,79300,80600,27702,-0.24752475247524752
2017-04-20,80100,81500,79500,81400,24031,0.9925558312655087
2017-04-21,81000,82100,79800,81800,38051,0.4914004914004914
2017-04-24,81400,82000,80600,81200,30670,-0.7334963325183375
2017-04-25,80700,82300,80700,81300,36094,0.12315270935960591
2017-04-26,80900,82300,80900,81200,40188,-0.12300123001230012
2017-04-27,81200,81900,79700,80600,30270,-0.7389162561576355
2017-04-28,79300,81700,79300,81400,40686,0.9925558312655087
2017-05-02,81300,82600,80800,81600,36441,0.2457002457002457
2017-05-04,80400,82600,80400,82200,27750,0.7352941176470588
2017-05-08,82800,84400,82000,84300,46603,2.5547445255474455
2017-05-10,84600,85100,81900,82100,44978,-2.6097271648873073
2017-05-11,82400,84000,81100,84000,47536,2.3142509135200973
2017-05-12,83200,83300,82500,82900,23695,-1.3095238095238095
2017-05-15,83000,84600,81600,83900,34250,1.2062726176115801
2017-05-16,83700,84100,81600,82600,83261,-1.5494636471990464
2017-05-17,81900,82500,78100,80400,139773,-2.663438256658596
2017-05-18,77600,79600,77400,77500,113142,-3.6069651741293534
2017-05-19,77300,78000,75800,76000,73891,-1.935483870967742
2017-05-22,76100,76700,75500,76100,95079,0.13157894736842105
2017-05-23,76200,77900,76200,76900,52611,1.0512483574244416
2017-05-24,77300,77900,77000,77200,37379,0.3901170351105332
2017-05-25,77200,77900,76600,77400,50186,0.2590673575129534
2017-05-26,77500,77600,75600,76600,77564,-1.03359173126615
2017-05-29,77200,78500,76800,77400,54044,1.0443864229765014
2017-05-30,76400,77400,76400,76600,46995,-1.03359173126615
2017-05-31,76600,77400,76300,76800,58791,0.26109660574412535
2017-06-01,76800,77100,74900,75200,87061,-2.083333333333333
2017-06-02,75200,75300,73400,73700,115107,-1.9946808510638299
2017-06-05,74000,74300,71700,72100,98312,-2.1709633649932156
2017-06-07,72100,72700,70300,70900,140820,-1.6643550624133148
2017-06-08,71200,72900,69800,72900,124350,2.8208744710860367
2017-06-09,72200,72900,71700,71700,74277,-1.646090534979424
2017-06-12,70800,71600,69700,70300,87700,-1.9525801952580195
2017-06-13,70100,70900,70000,70600,73896,0.42674253200568996
2017-06-14,70600,71300,70200,70500,82655,-0.141643059490085
2017-06-15,70500,71000,69300,70600,56706,0.14184397163120568
2017-06-16,70300,74800,70100,74000,176622,4.815864022662889
2017-06-19,74300,74300,72300,73400,70887,-0.8108108108108109
2017-06-20,75300,77700,74900,76100,265221,3.6784741144414173
2017-06-21,76000,76700,74600,76000,53840,-0.1314060446780552
2017-06-22,75400,75800,73200,73500,92629,-3.289473684210526
2017-06-23,73900,74200,73000,74100,48088,0.8163265306122449
2017-06-26,74000,74000,72100,73000,57682,-1.484480431848853
2017-06-27,72500,73600,71800,72200,45901,-1.095890410958904
2017-06-28,72300,72300,71000,71400,70265,-1.10803324099723
2017-06-29,71600,72000,70400,70400,65016,-1.400560224089636
2017-06-30,70100,71600,69800,71000,55902,0.8522727272727272
2017-07-03,71000,71400,70000,70000,49388,-1.4084507042253522
2017-07-04,69900,70500,67000,68700,128576,-1.8571428571428572
2017-07-05,68800,71500,68800,71400,85075,3.9301310043668125
2017-07-06,72100,73500,71200,72800,92697,1.9607843137254901
2017-07-07,72800,73100,71800,72300,45316,-0.6868131868131868
2017-07-10,72000,73700,70300,71700,57017,-0.8298755186721992
2017-07-11,71800,73300,71200,72700,45789,1.394700139470014
2017-07-12,72000,72700,70800,70900,56715,-2.4759284731774414
2017-07-13,71800,75300,71800,74200,150444,4.65444287729196
2017-07-14,74800,74800,72800,73100,97483,-1.482479784366577
2017-07-17,73700,75300,72500,74400,102431,1.7783857729138166
2017-07-18,74800,75000,72600,73400,98357,-1.3440860215053763
2017-07-19,73700,74400,72100,72500,125293,-1.226158038147139
2017-07-20,72700,73800,71500,73100,106229,0.8275862068965517
2017-07-21,73100,73600,72100,72300,63550,-1.094391244870041
2017-07-24,72400,72700,71200,71600,79607,-0.9681881051175657
2017-07-25,72000,74500,71900,73100,199102,2.094972067039106
2017-07-26,73400,73800,72200,72600,73609,-0.6839945280437756
2017-07-27,72800,75200,72700,74300,206450,2.3415977961432506
2017-07-28,74200,75300,72900,73600,135063,-0.9421265141318977
2017-07-31,73600,76000,73600,75400,195721,2.4456521739130435
2017-08-01,75700,77300,75200,76000,88990,0.7957559681697612
2017-08-02,75800,77400,75000,76400,115829,0.5263157894736842
2017-08-03,75900,76500,74300,75200,94815,-1.5706806282722512
2017-08-04,74600,76100,74600,75700,44764,0.6648936170212766
2017-08-07,75400,75800,74100,74200,55514,-1.9815059445178336
2017-08-08,74300,75800,72900,75000,85695,1.078167115902965
2017-08-09,74100,75700,74100,74200,42900,-1.0666666666666667
2017-08-10,74200,75300,73400,74500,41085,0.40431266846361186
2017-08-11,72700,75000,72600,72900,75902,-2.1476510067114094
2017-08-14,73000,75200,73000,74200,90004,1.7832647462277091
2017-08-16,74500,76900,74000,76000,104917,2.4258760107816713
2017-08-17,76000,78900,75400,78600,153808,3.421052631578948
2017-08-18,77100,78600,77100,77900,81310,-0.8905852417302799
2017-08-21,77900,78700,77200,77600,55908,-0.38510911424903727
2017-08-22,77600,80300,77600,79000,107167,1.804123711340206
2017-08-23,79300,79400,77600,78000,74932,-1.2658227848101267
2017-08-24,78300,78600,76100,77400,88054,-0.7692307692307693
2017-08-25,77400,77800,75700,76600,109170,-1.03359173126615
2017-08-28,77100,77100,74400,75000,116872,-2.088772845953003
2017-08-29,74900,76300,74300,75100,117356,0.13333333333333333
2017-08-30,75400,76400,74500,75100,91025,0.0
2017-08-31,75100,77800,74500,77200,111122,2.796271637816245
2017-09-01,77200,77900,75900,76100,62244,-1.4248704663212435
2017-09-04,74200,76200,74000,75400,64817,-0.9198423127463863
2017-09-05,75800,75800,73300,73800,84732,-2.122015915119363
2017-09-06,74100,75200,74000,74500,68405,0.9485094850948509
2017-09-07,75700,79000,74600,77700,161439,4.295302013422819
2017-09-08,78500,78500,76600,77100,57265,-0.7722007722007722
2017-09-11,77600,79300,77600,78400,65190,1.6861219195849546
2017-09-12,78800,79900,78500,79900,99502,1.913265306122449
2017-09-13,80000,80300,78400,78400,69769,-1.877346683354193
2017-09-14,77700,79300,77100,79300,70616,1.1479591836734695
2017-09-15,78900,80000,78200,80000,67875,0.8827238335435058
2017-09-18,79900,82100,79700,81600,119775,2.0
2017-09-19,81600,81700,79400,79600,74395,-2.450980392156863
2017-09-20,80300,80600,77600,77900,80413,-2.135678391959799
2017-09-21,77500,78500,74900,76300,126428,-2.053915275994865
2017-09-22,76500,76500,73500,74000,92576,-3.014416775884666
2017-09-25,73100,73900,71700,72300,118457,-2.2972972972972974
2017-09-26,73000,74000,72100,73400,48624,1.5214384508990317
2017-09-27,72800,74000,71800,72600,70549,-1.08991825613079
2017-09-28,72200,72300,71100,71800,95276,-1.1019283746556474
2017-09-29,72200,73400,71800,72700,62994,1.2534818941504178
2017-10-10,72800,75100,72800,73400,72477,0.9628610729023385
2017-10-11,73300,75800,73300,75200,98578,2.452316076294278
2017-10-12,75000,75500,74000,75000,53202,-0.26595744680851063
2017-10-13,75000,75300,71900,72200,83069,-3.733333333333334
2017-10-16,72700,72700,70800,71200,93397,-1.3850415512465373
2017-10-17,71300,71900,70900,71200,54581,0.0
2017-10-18,71200,71300,70300,70600,43755,-0.8426966292134831
2017-10-19,70500,73200,70500,72600,47111,2.8328611898017
2017-10-20,72700,73800,72200,73800,69592,1.6528925619834711
2017-10-23,73300,75000,72900,74900,83372,1.4905149051490514
2017-10-24,74900,76100,74400,75900,57507,1.335113484646195
2017-10-25,75900,76200,75000,75800,36601,-0.13175230566534915
2017-10-26,76300,76400,72800,73000,74018,-3.6939313984168867
2017-10-27,72500,73500,71900,72100,83568,-1.2328767123287672
2017-10-30,72900,73700,72000,73500,88134,1.9417475728155338
2017-10-31,73500,74500,72500,73800,64696,0.40816326530612246
2017-11-01,73000,74600,72900,74300,53415,0.6775067750677507
2017-11-02,73900,74500,73200,73500,37973,-1.0767160161507403
2017-11-03,73900,73900,72400,73100,40061,-0.5442176870748299
2017-11-06,73100,73100,71100,71800,81846,-1.7783857729138166
2017-11-07,71700,72300,71200,71500,75245,-0.4178272980501393
2017-11-08,71200,71600,70800,71200,62799,-0.4195804195804196
2017-11-09,71700,72200,70900,71900,64787,0.9831460674157303
2017-11-10,71900,73200,71200,72900,80397,1.3908205841446455
2017-11-13,73000,74600,71100,71500,127111,-1.9204389574759946
2017-11-14,72300,73900,71600,73900,109530,3.3566433566433567
2017-11-15,74000,74000,72600,73800,80932,-0.13531799729364005
2017-11-16,74400,76000,73300,76000,155292,2.9810298102981028
2017-11-17,76100,76100,73800,74600,83929,-1.8421052631578945
2017-11-20,74500,76200,73800,75600,54978,1.3404825737265416
2017-11-21,75600,77400,74900,77200,128287,2.1164021164021163
2017-11-22,78400,78800,75600,76600,105323,-0.7772020725388601
2017-11-23,77300,77600,75700,76700,84196,0.13054830287206268
2017-11-24,76400,81700,75800,80100,245215,4.432855280312908
2017-11-27,80400,80500,77900,78900,92568,-1.4981273408239701
2017-11-28,78300,78500,76700,77000,61312,-2.4081115335868186
2017-11-29,77000,79600,77000,79200,97523,2.857142857142857
2017-11-30,79200,79200,76300,76600,72643,-3.2828282828282833
2017-12-01,77000,77200,75900,76900,33661,0.39164490861618795
2017-12-04,77700,77700,75900,76300,49351,-0.7802340702210664
2017-12-05,75700,77500,75700,77100,31134,1.0484927916120577
2017-12-06,77500,78400,75000,75000,46935,-2.7237354085603114
2017-12-07,75300,75600,73300,75400,43009,0.5333333333333333
2017-12-08,74500,75100,73800,74000,25088,-1.8567639257294428
2017-12-11,73600,74800,73500,74200,28508,0.2702702702702703
2017-12-12,73800,74800,73100,74600,28510,0.5390835579514826
2017-12-13,74500,75300,74300,75000,35047,0.5361930294906166
2017-12-14,75400,75400,73700,73700,66837,-1.7333333333333332
2017-12-15,74700,74700,73700,74100,25312,0.5427408412483039
2017-12-18,74300,74400,73000,74100,28734,0.0
2017-12-19,74200,74300,72700,73700,55879,-0.5398110661268556
2017-12-20,73500,73900,72500,72800,36410,-1.2211668928086838
2017-12-21,72300,73000,71700,72200,39376,-0.8241758241758242
2017-12-22,72400,72400,71700,72000,43448,-0.2770083102493075
2017-12-26,72000,72800,70700,70900,68769,-1.5277777777777777
2017-12-27,70500,71700,70400,71400,32297,0.7052186177715092
2017-12-28,71400,73000,71300,72500,28786,1.5406162464985995
2018-01-02,72500,73000,70900,71000,59361,-2.0689655172413794
2018-01-03,71000,73300,70700,72300,75646,1.8309859154929577
2018-01-04,72700,72800,71200,71300,36837,-1.3831258644536653
2018-01-05,72300,72300,71300,71300,29289,0.0
2018-01-08,71800,71800,69500,69700,132980,-2.244039270687237
2018-01-09,69700,70500,68600,69200,86708,-0.7173601147776184
2018-01-10,69100,69500,66000,66700,126044,-3.6127167630057806
2018-01-11,66700,68100,66500,67500,55739,1.199400299850075
2018-01-12,67500,68300,65600,66300,94933,-1.7777777777777777
2018-01-15,66500,66700,65400,66100,60540,-0.301659125188537
2018-01-16,66200,66700,65600,65900,63709,-0.30257186081694404
2018-01-17,65700,66000,64800,65300,69252,-0.9104704097116844
2018-01-18,65400,65900,65000,65100,43773,-0.3062787136294028
2018-01-19,64900,65800,64800,65700,59394,0.9216589861751152
2018-01-22,66000,66100,63900,65000,65303,-1.06544901065449
2018-01-23,65300,65800,64600,65600,42557,0.9230769230769231
2018-01-24,65800,67400,65800,66100,55594,0.7621951219512195
2018-01-25,66100,67500,65800,67500,59655,2.118003025718608
2018-01-26,67600,68300,67500,68000,58773,0.7407407407407408
2018-01-29,68600,69100,68100,68400,48588,0.5882352941176471
2018-01-30,68800,68800,67400,67400,50181,-1.461988304093567
2018-01-31,67400,68100,66000,67400,76700,0.0
2018-02-01,66800,67600,66300,66600,53519,-1.1869436201780417
2018-02-02,66700,68500,66700,68500,84379,2.8528528528528527
2018-02-05,67200,70200,67000,68300,113011,-0.291970802919708
2018-02-06,67000,69600,63900,69200,141776,1.3177159590043925
2018-02-07,70200,72500,69200,70000,262234,1.1560693641618496
2018-02-08,70000,74400,69800,73900,247082,5.571428571428571
2018-02-09,72500,76300,70300,73800,214768,-0.13531799729364005
2018-02-12,73800,77800,72300,76800,170855,4.0650406504065035
2018-02-13,76300,77300,74600,75900,84768,-1.171875
2018-02-14,75800,76800,74400,76400,74716,0.6587615283267457
2018-02-19,77900,77900,74400,76400,65201,0.0
2018-02-20,76400,76400,73500,73900,70707,-3.2722513089005236
2018-02-21,75000,80500,74100,80300,259758,8.660351826792963
2018-02-22,79400,79800,77000,78500,94974,-2.2415940224159403
2018-02-23,78200,78300,72000,76000,84544,-3.1847133757961785
2018-02-26,75400,76500,73900,75000,68633,-1.3157894736842104
2018-02-27,75500,75900,74500,75700,45863,0.9333333333333335
2018-02-28,75100,75100,73000,73800,75050,-2.509907529722589
2018-03-02,72500,74100,71700,73300,55683,-0.6775067750677507
2018-03-05,72600,74000,69900,70500,51117,-3.819918144611187
2018-03-06,71100,74500,70900,73300,67472,3.9716312056737593
2018-03-07,72700,73200,70500,71500,48526,-2.455661664392906
2018-03-08,71400,72400,70800,71300,46214,-0.27972027972027974
2018-03-09,71100,74000,71100,74000,58956,3.7868162692847123
2018-03-12,74000,74700,72300,73300,55827,-0.945945945945946
2018-03-13,73200,76000,72600,75200,79186,2.592087312414734
2018-03-14,74400,75200,73500,74400,33771,-1.0638297872340425
2018-03-15,74800,74800,72500,73600,48511,-1.0752688172043012
2018-03-16,73900,74500,72600,73400,44130,-0.2717391304347826
2018-03-19,73500,73500,71900,72200,30626,-1.6348773841961852
2018-03-20,72800,74300,72000,72600,61554,0.554016620498615
2018-03-21,72100,72800,71800,72100,35762,-0.6887052341597797
2018-03-22,72100,73000,71900,72300,49618,0.27739251040221913
2018-03-23,71500,71700,69700,69700,48802,-3.5961272475795294
2018-03-26,68700,70500,67800,70500,38690,1.1477761836441895
2018-03-27,71000,71300,69800,70900,39670,0.5673758865248227
2018-03-28,70000,70300,68400,69300,63184,-2.2566995768688294
2018-03-29,69000,69600,67900,69600,43680,0.4329004329004329
2018-03-30,70100,70900,69000,70700,30504,1.5804597701149428
2018-04-02,70300,70500,67900,68400,94070,-3.253182461103253
2018-04-03,68000,70800,68000,70100,64923,2.4853801169590644
2018-04-04,69600,70800,67500,68100,78097,-2.8530670470756063
2018-04-05,68600,69500,68100,69000,44209,1.3215859030837005
2018-04-06,68500,69300,67400,68200,55570,-1.1594202898550725
2018-04-09,68200,69600,67600,69500,53216,1.906158357771261
2018-04-10,68800,68900,67500,67900,50736,-2.302158273381295
2018-04-11,67700,69000,67600,68300,26936,0.5891016200294551
2018-04-12,68700,72600,68700,71700,93488,4.978038067349927
2018-04-13,71100,72300,70500,71800,42032,0.1394700139470014
2018-04-16,72300,72300,70200,70800,48139,-1.392757660167131
2018-04-17,71200,73000,70500,72100,38046,1.8361581920903955
2018-04-18,71600,72600,71600,72000,27745,-0.13869625520110956
2018-04-19,71700,72200,71100,71600,30472,-0.5555555555555556
2018-04-20,71300,72600,71100,71800,21341,0.27932960893854747
2018-04-23,71500,72400,71200,71900,21831,0.1392757660167131
2018-04-24,71900,73000,71000,71700,54077,-0.27816411682892905
2018-04-25,71500,71500,70300,70800,33895,-1.2552301255230125
2018-04-26,70800,72100,70600,71100,69529,0.423728813559322
2018-04-27,70700,72500,70700,71800,46335,0.9845288326300985
2018-04-30,71500,71700,69900,70700,75586,-1.532033426183844
2018-05-02,70200,71400,69900,70100,35048,-0.8486562942008486
2018-05-03,69800,71300,69600,71200,31683,1.5691868758915835
2018-05-04,70300,71200,68200,68600,95790,-3.651685393258427
2018-05-08,68400,69200,68400,69100,25971,0.7288629737609329
2018-05-09,69700,71000,68800,70200,37786,1.5918958031837915
2018-05-10,69600,70800,69200,70000,31293,-0.2849002849002849
2018-05-11,69900,70600,69100,69400,22806,-0.8571428571428572
2018-05-14,69800,70500,69300,69800,25225,0.5763688760806917
2018-05-15,69600,72400,69500,72200,61240,3.4383954154727796
2018-05-16,72500,72500,69600,71000,49201,-1.662049861495845
2018-05-17,70500,71600,70100,70800,31471,-0.28169014084507044
2018-05-18,70900,72900,69500,72300,68236,2.11864406779661
2018-05-21,72300,72900,70700,71300,31340,-1.3831258644536653
2018-05-23,70300,75800,70300,74300,139708,4.207573632538569
2018-05-24,74000,76600,74000,74800,72626,0.6729475100942126
2018-05-25,75000,76800,75000,76000,71130,1.6042780748663104
2018-05-28,74800,78000,74600,77900,57190,2.5
2018-05-29,77400,77700,74600,76900,31023,-1.2836970474967908
2018-05-30,76800,76900,73900,74600,33479,-2.990897269180754
2018-05-31,75000,77000,74500,77000,41465,3.2171581769436997
2018-06-01,76800,77700,76100,77100,28633,0.12987012987012986
2018-06-04,77700,77800,76300,77100,24478,0.0
2018-06-05,77100,78600,76400,77500,48122,0.5188067444876783
2018-06-07,76800,78700,76000,78300,34516,1.032258064516129
2018-06-08,78300,78400,75800,76000,30971,-2.937420178799489
2018-06-11,76400,77500,75600,76700,26924,0.9210526315789472
2018-06-12,77200,77200,75100,75900,24978,-1.0430247718383312
2018-06-14,76000,76400,74500,75300,42830,-0.7905138339920948
2018-06-15,74500,76600,74500,75900,36157,0.796812749003984
2018-06-18,76800,76800,72900,74600,49861,-1.7127799736495388
2018-06-19,73100,76500,72600,74000,57991,-0.8042895442359249
2018-06-20,73500,76400,73200,74300,42169,0.40540540540540543
2018-06-21,74000,79500,74000,76500,121974,2.9609690444145356
2018-06-22,76100,78200,75000,77700,43821,1.5686274509803921
2018-06-25,78900,80000,77400,78800,79703,1.4157014157014158
2018-06-26,78300,78300,75900,77400,38840,-1.7766497461928936
2018-06-27,76600,78800,76000,78100,49008,0.9043927648578811
2018-06-28,78800,79600,76600,79200,57199,1.4084507042253522
2018-06-29,78800,79000,77500,78300,29741,-1.1363636363636365
2018-07-02,78300,78300,76500,76900,40552,-1.7879948914431671
2018-07-03,77000,78900,75300,76700,47804,-0.26007802340702213
2018-07-04,76500,78700,75600,78100,31252,1.8252933507170794
2018-07-05,77500,78000,75100,75900,36483,-2.8169014084507045
2018-07-06,75000,77700,75000,77600,29300,2.2397891963109355
2018-07-09,77100,78600,75800,77800,23714,0.25773195876288657
2018-07-10,77200,78700,76500,77500,31592,-0.3856041131105398
2018-07-11,76900,77200,75100,75600,40185,-2.4516129032258065
2018-07-12,75600,79000,75300,78200,55593,3.439153439153439
2018-07-13,78000,79500,76600,78200,33838,0.0
2018-07-16,77000,79200,76600,79200,48974,1.278772378516624
2018-07-17,79400,79800,77900,78000,47870,-1.5151515151515151
2018-07-18,78000,78600,76700,77300,31303,-0.8974358974358974
2018-07-19,77000,78000,76900,77300,18818,0.0
2018-07-20,77400,78300,76000,76300,25305,-1.29366106080207
2018-07-23,77500,77500,73000,74200,49617,-2.7522935779816518
2018-07-24,74300,75600,73000,74100,34686,-0.13477088948787064
2018-07-25,74700,75700,73900,74100,31187,0.0
2018-07-26,75700,76900,74600,75400,29043,1.7543859649122806
2018-07-27,76900,79500,75800,78300,73829,3.8461538461538463
2018-07-30,77400,79800,77000,77600,57247,-0.8939974457215836
2018-07-31,77900,78400,76400,77500,39937,-0.12886597938144329
2018-08-01,77500,78800,77500,77700,64289,0.25806451612903225
2018-08-02,77000,78400,76900,77400,46872,-0.3861003861003861
2018-08-03,77500,78600,77400,78000,53580,0.7751937984496124
2018-08-06,78500,79000,77500,78200,81556,0.2564102564102564
2018-08-07,77600,83300,77600,83200,176787,6.3938618925831205
2018-08-08,82200,84200,82000,82800,111413,-0.4807692307692308
2018-08-09,82700,84000,81700,83200,62656,0.4830917874396135
2018-08-10,82800,84300,80900,81800,55230,-1.6826923076923077
2018-08-13,81600,82200,80500,81300,44949,-0.6112469437652812
2018-08-14,82000,82000,81200,81800,32817,0.6150061500615006
2018-08-16,81800,84000,80300,83100,84830,1.5892420537897312
2018-08-17,82600,83700,81100,83000,54046,-0.12033694344163659
2018-08-20,83700,83900,81300,82100,36795,-1.0843373493975903
2018-08-21,83000,85300,82000,85100,118393,3.6540803897685747
2018-08-22,84900,86400,83400,85200,55734,0.11750881316098707
2018-08-23,85200,85900,83500,84400,37526,-0.9389671361502347
2018-08-24,84500,85200,83000,83900,34731,-0.5924170616113744
2018-08-27,84400,86300,83600,85500,55477,1.907032181168057
2018-08-28,85500,85900,83700,85000,43428,-0.5847953216374269
2018-08-29,85700,86100,84200,85200,41213,0.2352941176470588
2018-08-30,86700,86800,84500,85000,58088,-0.2347417840375587
2018-08-31,84700,84900,82900,83200,60274,-2.1176470588235294
2018-09-03,83200,85600,82500,85400,55092,2.644230769230769
2018-09-04,85400,88000,84000,87300,53550,2.224824355971897
2018-09-05,86500,88200,84800,87200,65678,-0.11454753722794961
2018-09-06,86300,87100,85600,86400,27810,-0.9174311926605505
2018-09-07,87100,87500,85500,86500,28904,0.11574074074074073
2018-09-10,84700,86500,84200,85800,25968,-0.8092485549132947
2018-09-11,85000,86500,84500,85300,17800,-0.5827505827505828
2018-09-12,86300,86300,83800,85400,39048,0.11723329425556857
2018-09-13,85300,85900,83200,83700,47748,-1.9906323185011712
2018-09-14,83700,86200,83700,84600,58821,1.0752688172043012
2018-09-17,84200,84600,82800,83800,18382,-0.9456264775413712
2018-09-18,82600,84000,82600,83600,28891,-0.23866348448687352
2018-09-19,83200,83900,81100,81300,64017,-2.751196172248804
2018-09-20,81300,81800,79900,80600,61129,-0.8610086100861009
2018-09-21,81600,81600,79200,80400,62373,-0.24813895781637718
2018-09-27,80100,80900,79800,80200,27884,-0.24875621890547264
2018-09-28,80300,81500,79900,79900,27230,-0.3740648379052369
2018-10-01,79300,80400,77900,78400,30605,-1.877346683354193
2018-10-02,78100,79000,77700,78400,24634,0.0
2018-10-04,78600,78800,75700,76500,45676,-2.423469387755102
2018-10-05,77300,79000,76400,77000,49892,0.6535947712418301
2018-10-08,78100,79700,77000,78800,41630,2.3376623376623376
2018-10-10,78500,78900,76400,77400,55876,-1.7766497461928936
2018-10-11,76400,76900,71100,72300,89064,-6.5891472868217065
2018-10-12,72600,76500,71200,75500,56502,4.426002766251729
2018-10-15,73700,79600,73700,75700,47352,0.26490066225165565
2018-10-16,76500,78500,75800,77600,38757,2.509907529722589
2018-10-17,80000,82800,78500,80000,86154,3.0927835051546393
2018-10-18,80100,82200,80000,81000,48064,1.25
2018-10-19,82000,82300,79800,80600,37716,-0.49382716049382713
2018-10-22,79400,82000,79200,80800,29355,0.24813895781637718
2018-10-23,79700,81400,79700,80700,32693,-0.12376237623762376
2018-10-24,81900,81900,77900,80200,58621,-0.6195786864931847
2018-10-25,80100,80100,77500,79200,49341,-1.2468827930174564
2018-10-26,78000,79000,75100,77800,64291,-1.7676767676767675
2018-10-29,79400,79900,75600,77200,69406,-0.7712082262210797
2018-10-30,77200,78400,75000,77200,47557,0.0
2018-10-31,75600,80300,75000,79200,50508,2.5906735751295336
2018-11-01,78700,78800,76200,76200,56249,-3.787878787878788
2018-11-02,76200,77000,74900,76100,66674,-0.13123359580052493
2018-11-05,76000,76300,74100,75800,43370,-0.39421813403416556
2018-11-06,76500,76700,74700,75100,39732,-0.9234828496042217
2018-11-07,75600,77000,74700,75400,30764,0.3994673768308922
2018-11-08,75800,77400,75800,76400,29917,1.3262599469496021
2018-11-09,76400,78800,75800,78200,64962,2.356020942408377
2018-11-12,77800,81700,77800,80700,93883,3.1969309462915603
2018-11-13,80700,83200,78000,82900,67851,2.7261462205700124
2018-11-14,82900,83900,81700,81800,40744,-1.3268998793727382
2018-11-15,82400,83900,81800,82800,32666,1.2224938875305624
2018-11-16,82800,82900,79200,79800,56201,-3.6231884057971016
2018-11-19,79400,81500,79400,80000,31987,0.2506265664160401
2018-11-20,80900,81400,77700,78300,34345,-2.125
2018-11-21,78400,81400,77500,80400,41704,2.681992337164751
2018-11-22,79600,81200,79000,79400,33847,-1.2437810945273633
2018-11-23,79400,80400,77900,78300,14433,-1.385390428211587
2018-11-26,78100,80200,77600,79500,25508,1.532567049808429
2018-11-27,78900,79000,77300,77700,30141,-2.2641509433962264
2018-11-28,77700,78700,77300,77800,25076,0.1287001287001287
2018-11-29,78400,79900,78100,79200,25904,1.7994858611825193
2018-11-30,79000,80200,78200,78800,34234,-0.5050505050505051
2018-12-03,78800,80000,78000,78900,37550,0.12690355329949238
2018-12-04,78800,79000,77400,78000,33182,-1.1406844106463878
2018-12-05,77300,79200,77100,77400,32467,-0.7692307692307693
2018-12-06,78000,78000,76000,76700,19764,-0.9043927648578811
2018-12-07,77400,78400,76800,77600,24997,1.1734028683181226
2018-12-10,76200,77000,74700,76400,21976,-1.5463917525773196
2018-12-11,75300,76400,75200,75300,19723,-1.4397905759162304
2018-12-12,75200,77000,74900,76900,21014,2.1248339973439574
2018-12-13,76300,77900,75500,77100,46956,0.26007802340702213
2018-12-14,77100,77600,73400,74900,56260,-2.853437094682231
2018-12-17,74800,76400,73600,74100,33808,-1.0680907877169559
2018-12-18,74500,75000,73300,74700,38525,0.8097165991902834
2018-12-19,75300,77100,74500,76700,40702,2.677376171352075
2018-12-20,77300,77300,74800,75700,34351,-1.303780964797914
2018-12-21,76500,77200,75100,75400,33863,-0.3963011889035667
2018-12-24,75400,75900,74100,74500,31920,-1.1936339522546418
2018-12-26,73200,75100,73000,74400,34946,-0.1342281879194631
2018-12-27,74400,76400,73500,74700,25812,0.4032258064516129
2018-12-28,74400,78700,74400,77500,41781,3.748326639892905
2019-01-02,76400,77800,75100,76300,19981,-1.5483870967741935
2019-01-03,76500,76600,74100,74100,27278,-2.8833551769331587
2019-01-04,74900,75300,73100,74400,35112,0.4048582995951417
2019-01-07,75500,77600,74900,76800,28525,3.225806451612903
2019-01-08,78000,78000,75800,76900,20537,0.13020833333333331
2019-01-09,76600,80200,76600,78900,43603,2.600780234070221
2019-01-10,79300,79400,78000,79200,21882,0.38022813688212925
2019-01-11,78600,79600,77300,79400,28294,0.25252525252525254
2019-01-14,79200,79900,78300,79600,23675,0.2518891687657431
2019-01-15,80600,80600,79100,79700,36308,0.12562814070351758
2019-01-16,78800,81600,77800,81300,53548,2.0075282308657463
2019-01-17,80300,81200,79100,79300,40828,-2.4600246002460024
2019-01-18,79700,81200,78800,80900,36704,2.01765447667087
2019-01-21,80900,82500,79400,81700,39838,0.9888751545117428
2019-01-22,80800,82400,80800,81400,25222,-0.36719706242350064
2019-01-23,82300,82300,80100,81700,18361,0.36855036855036855
2019-01-24,80200,82000,80200,80700,24339,-1.2239902080783354
2019-01-25,80500,82700,79500,81100,33260,0.49566294919454773
2019-01-28,81100,86400,79800,85700,69329,5.6720098643649814
2019-01-29,84900,86500,83000,86200,46997,0.5834305717619603
2019-01-30,87900,87900,84800,87100,43179,1.0440835266821344
2019-01-31,88000,88000,84400,85000,35074,-2.4110218140068884
2019-02-01,84500,85700,83500,83600,25467,-1.647058823529412
2019-02-07,83600,85800,82500,85400,32190,2.15311004784689
2019-02-08,86400,86800,83000,83500,37424,-2.224824355971897
2019-02-11,84000,87600,83300,85700,67972,2.6347305389221556
2019-02-12,85700,87700,85000,86900,49365,1.4002333722287048
2019-02-13,86900,89700,86000,89100,63614,2.5316455696202533
2019-02-14,88000,91000,87900,91000,59244,2.132435465768799
2019-02-15,89800,91300,87600,88800,52875,-2.417582417582418
2019-02-18,90000,92900,89000,89800,75426,1.1261261261261262
2019-02-19,90800,92000,89400,91200,58770,1.55902004454343
2019-02-20,90500,91100,89400,89600,38858,-1.7543859649122806
2019-02-21,89000,90100,88400,88900,27587,-0.78125
2019-02-22,89900,89900,88000,89300,31772,0.44994375703037126
2019-02-25,89300,93000,89300,90900,49209,1.7917133258678613
2019-02-26,90300,91400,90100,90700,21132,-0.22002200220022
2019-02-27,91000,91100,88600,88800,32771,-2.0948180815876514
2019-02-28,89600,91300,88300,90000,47898,1.3513513513513513
2019-03-04,91800,91800,88500,88700,35057,-1.4444444444444444
2019-03-05,88000,88400,85100,86000,58031,-3.0439684329199546
2019-03-06,85700,87100,84800,87000,34648,1.1627906976744187
2019-03-07,87300,87800,86100,86900,38726,-0.11494252873563218
2019-03-08,86300,88200,86200,87000,28374,0.11507479861910241
2019-03-11,86600,87800,84100,87800,39701,0.9195402298850575
2019-03-12,89000,89800,87500,88200,34618,0.45558086560364464
2019-03-13,88200,89700,86300,87100,50046,-1.2471655328798186
2019-03-14,89000,89000,85800,87100,41626,0.0
2019-03-15,86600,87200,85300,86900,32312,-0.2296211251435132
2019-03-18,86700,87100,84700,85400,36124,-1.726121979286536
2019-03-19,85700,85700,82800,83500,49086,-2.224824355971897
2019-03-20,82700,83400,81100,82300,75153,-1.437125748502994
2019-03-21,81400,84500,81400,81800,65152,-0.6075334143377886
2019-03-22,81800,83000,80300,80800,66020,-1.2224938875305624
2019-03-25,80300,81900,79700,80900,31796,0.12376237623762376
2019-03-26,81000,83300,80400,82700,57236,2.2249690976514214
2019-03-27,85200,85800,83200,84900,75255,2.6602176541717046
2019-03-28,83600,84800,82600,82900,34536,-2.3557126030624262
2019-03-29,83200,83700,81500,82400,37285,-0.6031363088057901
2019-04-01,83800,83800,82100,82700,37268,0.3640776699029126
2019-04-02,82000,82900,81500,82400,25088,-0.36275695284159615
2019-04-03,81800,84200,81500,84200,45748,2.1844660194174756
2019-04-04,84600,84600,82800,83000,31131,-1.4251781472684086
2019-04-05,83500,83900,82500,83100,18261,0.12048192771084339
2019-04-08,83800,83800,81600,82000,29929,-1.3237063778580023
2019-04-09,82000,87800,81700,87000,75716,6.097560975609756
2019-04-10,87000,88000,84900,85800,44855,-1.3793103448275863
2019-04-11,85800,86400,84500,85100,30883,-0.8158508158508158
2019-04-12,85400,85800,84100,84600,28635,-0.5875440658049353
2019-04-15,84000,85300,83700,84500,33997,-0.1182033096926714
2019-04-16,83800,84500,82300,82800,49687,-2.0118343195266273
2019-04-17,82800,85800,82800,85400,49894,3.140096618357488
2019-04-18,84500,86000,83800,84200,32265,-1.405152224824356
2019-04-19,84500,87600,84300,87500,60564,3.9192399049881232
2019-04-22,87000,88100,84500,85900,36567,-1.8285714285714287
2019-04-23,85700,85700,83400,84700,35380,-1.3969732246798603
2019-04-24,85100,85100,83500,83800,42357,-1.062573789846517
2019-04-25,84900,86800,83800,84100,51775,0.35799522673031026
2019-04-26,84100,84600,83300,83500,33435,-0.713436385255648
2019-04-29,84900,85800,83800,85600,67149,2.5149700598802394
2019-04-30,85900,86100,84300,85500,25267,-0.11682242990654204
2019-05-02,85300,86600,83800,84700,29262,-0.9356725146198831
2019-05-03,84800,85900,84300,85200,18437,0.5903187721369539
2019-05-07,84500,86000,84000,85100,40209,-0.11737089201877934
2019-05-08,84300,85300,83900,84200,46200,-1.0575793184488838
2019-05-09,85400,85400,82500,82500,58296,-2.019002375296912
2019-05-10,83000,84000,81800,82500,28814,0.0
2019-05-13,81700,83300,80300,81000,30302,-1.8181818181818181
2019-05-14,80000,82800,78600,81800,33565,0.9876543209876543
2019-05-15,81800,85100,80600,84300,41557,3.056234718826406
2019-05-16,85100,86200,83900,85900,48477,1.8979833926453145
2019-05-17,86500,86600,85000,85600,26377,-0.3492433061699651
2019-05-20,85700,86600,85000,85300,22526,-0.35046728971962615
2019-05-21,84800,87800,84800,87600,39207,2.6963657678780772
2019-05-22,86700,87900,84900,85100,30858,-2.853881278538813
2019-05-23,85200,85200,83400,84500,20132,-0.7050528789659225
2019-05-24,84400,85400,83400,84000,25576,-0.591715976331361
2019-05-27,83900,86000,83900,85100,22950,1.3095238095238095
2019-05-28,85000,85700,83700,83800,35574,-1.527614571092832
2019-05-29,84400,84700,81800,82500,34812,-1.5513126491646778
2019-05-30,83000,83000,81900,82500,19664,0.0
2019-05-31,82000,83400,81300,82600,26039,0.12121212121212122
2019-06-03,82000,82900,81100,81600,37228,-1.2106537530266344
2019-06-04,81800,82200,81000,81100,32568,-0.6127450980392157
2019-06-05,81200,81700,80500,81500,29438,0.4932182490752158
2019-06-07,81700,81900,79400,80400,54894,-1.3496932515337423
2019-06-10,80900,80900,79600,80000,27147,-0.4975124378109453
2019-06-11,80500,81000,79700,80900,34518,1.125
2019-06-12,80500,81500,79900,80600,39175,-0.3708281829419036
2019-06-13,80500,81400,79800,80900,49350,0.37220843672456577
2019-06-14,81000,81000,79400,79700,55286,-1.4833127317676145
2019-06-17,80000,80000,78200,78900,35254,-1.0037641154328731
2019-06-18,78900,79400,78400,79000,21080,0.12674271229404308
2019-06-19,80000,80000,78200,78300,25243,-0.8860759493670887
2019-06-20,78900,79000,77900,79000,17624,0.8939974457215836
2019-06-21,81600,81700,80500,81600,60976,3.2911392405063293
2019-06-24,82300,82300,80400,81000,26360,-0.7352941176470588
2019-06-25,81800,81800,79300,80700,23984,-0.3703703703703704
2019-06-26,81000,81000,79500,79800,22253,-1.1152416356877324
2019-06-27,79400,80100,78900,79700,33357,-0.12531328320802004
2019-06-28,79700,80700,79300,79500,21901,-0.2509410288582183
2019-07-01,80100,81400,78900,79500,28949,0.0
2019-07-02,78600,81700,78600,80700,108873,1.509433962264151
2019-07-03,81500,84200,80900,83400,76423,3.3457249070631967
2019-07-04,84000,85400,83000,85400,89939,2.3980815347721824
2019-07-05,85500,85700,83000,83800,47996,-1.873536299765808
2019-07-08,83800,83800,80100,80400,44037,-4.05727923627685
2019-07-09,80400,81400,79700,80100,26382,-0.3731343283582089
2019-07-10,80200,81000,79700,80300,28216,0.24968789013732834
2019-07-11,80900,83600,80300,80700,38834,0.49813200498132004
2019-07-12,80700,81800,80100,81300,25786,0.7434944237918215
2019-07-15,81000,83600,80900,81700,47635,0.4920049200492005
2019-07-16,82500,85500,81800,84800,80361,3.7943696450428397
2019-07-17,84900,84900,82700,83700,33309,-1.2971698113207548
2019-07-18,83700,86200,83600,85900,64983,2.6284348864994027
2019-07-19,85000,86400,83700,84500,29153,-1.629802095459837
2019-07-22,84600,85200,82900,83700,34860,-0.9467455621301776
2019-07-23,83700,84300,82900,83600,21064,-0.11947431302270012
2019-07-24,83700,83700,83000,83700,41937,0.11961722488038277
2019-07-25,83000,83700,81700,82500,34692,-1.4336917562724014
2019-07-26,82500,82800,80500,80800,29799,-2.0606060606060606
2019-07-29,81500,82100,78700,80000,35977,-0.9900990099009901
2019-07-30,80500,81100,79200,79500,24201,-0.625
2019-07-31,79500,81200,78700,81200,35731,2.138364779874214
2019-08-01,81100,81200,78700,79100,30763,-2.586206896551724
2019-08-02,78500,78700,76400,78100,40223,-1.2642225031605563
2019-08-05,78300,81400,76700,77400,56681,-0.8962868117797695
2019-08-06,77200,78200,74000,76500,43279,-1.1627906976744187
2019-08-07,75800,77900,75600,77000,32578,0.6535947712418301
2019-08-08,78000,78800,76000,78800,40507,2.3376623376623376
2019-08-09,78000,78800,77600,77900,16879,-1.1421319796954315
2019-08-12,77100,78200,76200,78100,21109,0.25673940949935814
2019-08-13,77000,79600,76800,79600,23931,1.9206145966709345
2019-08-14,79200,80600,79000,80300,25871,0.8793969849246231
2019-08-16,80300,80300,78400,79800,22135,-0.62266500622665
2019-08-19,79700,82500,78800,82000,37147,2.756892230576441
2019-08-20,80500,82900,80000,82500,25135,0.6097560975609756
2019-08-21,83000,83000,80700,81800,23620,-0.8484848484848486
2019-08-22,82600,82600,80100,80800,26297,-1.2224938875305624
2019-08-23,80800,80800,79800,80200,22347,-0.7425742574257426
2019-08-26,79300,79500,78300,79000,21235,-1.4962593516209477
2019-08-27,79100,80200,78600,78800,20387,-0.25316455696202533
2019-08-28,79100,80300,78400,80300,18067,1.903553299492386
2019-08-29,80200,80200,78400,79300,20967,-1.2453300124533
2019-08-30,79100,79700,78500,78600,26222,-0.8827238335435058
2019-09-02,78300,79400,78100,78300,15902,-0.38167938931297707
2019-09-03,77900,78700,77900,78300,13685,0.0
2019-09-04,78200,78900,78000,78900,25561,0.7662835249042145
2019-09-05,78600,79600,78600,78700,32036,-0.25348542458808615
2019-09-06,79200,82200,79200,81700,43424,3.8119440914866582
2019-09-09,81700,82700,78600,79000,47192,-3.3047735618115053
2019-09-10,79000,79400,78500,78700,27788,-0.37974683544303794
2019-09-11,79000,80400,77800,79400,50377,0.8894536213468869
2019-09-16,80300,80300,79000,79300,20236,-0.12594458438287154
2019-09-17,79000,80100,79000,79500,16073,0.25220680958385877
2019-09-18,79500,80400,79000,79000,21406,-0.628930817610063
2019-09-19,78900,80700,78900,80000,39332,1.2658227848101267
2019-09-20,80800,81300,80100,80600,30320,0.75
2019-09-23,80600,81700,80100,80200,17296,-0.49627791563275436
2019-09-24,80800,81700,80200,81100,15945,1.1221945137157108
2019-09-25,81100,81600,80100,80100,26048,-1.2330456226880395
2019-09-26,80300,81800,80200,81000,22202,1.1235955056179776
2019-09-27,81900,81900,80300,80500,25767,-0.6172839506172839
2019-09-30,80000,81200,79600,79600,30054,-1.1180124223602486
2019-10-01,79800,81600,79600,81600,27657,2.512562814070352
2019-10-02,81300,81900,80300,81000,20194,-0.7352941176470588
2019-10-04,82000,82000,80500,81200,17566,0.24691358024691357
2019-10-07,80700,81800,80600,81400,18484,0.24630541871921183
2019-10-08,81600,82500,80500,82500,29963,1.3513513513513513
2019-10-10,81500,83000,80500,81800,30863,-0.8484848484848486
2019-10-11,82900,86200,82100,85100,71643,4.034229828850855
2019-10-14,86500,88100,86000,86500,70689,1.645123384253819
2019-10-15,87600,88900,86800,87900,53617,1.6184971098265895
2019-10-16,88000,88700,87400,87700,37051,-0.22753128555176336
2019-10-17,88600,91000,87500,90700,95916,3.4207525655644244
2019-10-18,91000,92200,89100,89200,44362,-1.6538037486218304
2019-10-21,89100,91000,88300,90500,45759,1.4573991031390134
2019-10-22,90500,94000,90500,93200,122618,2.983425414364641
2019-10-23,92400,94200,92200,93000,43724,-0.2145922746781116
2019-10-24,92100,94700,92000,94300,37850,1.3978494623655915
2019-10-25,93000,95300,93000,95100,36947,0.8483563096500532
2019-10-28,95100,97000,95100,96000,36247,0.9463722397476341
2019-10-29,96100,97100,94300,94700,42668,-1.3541666666666667
2019-10-30,94700,95900,93600,94000,53513,-0.7391763463569165
2019-10-31,94000,94600,92600,93800,42308,-0.2127659574468085
2019-11-01,92900,93500,91900,93300,46419,-0.5330490405117271
2019-11-04,93800,94500,93100,93900,20749,0.6430868167202572
2019-11-05,94000,94000,92500,92500,32344,-1.4909478168264112
2019-11-06,92500,93300,91400,92000,38418,-0.5405405405405406
2019-11-07,90800,92400,90700,92100,23497,0.10869565217391304
2019-11-08,91800,92500,91000,91100,23417,-1.0857763300760044
2019-11-11,90700,92300,90600,91600,21076,0.5488474204171241
2019-11-12,93300,94100,92300,93800,39532,2.4017467248908297
2019-11-13,93900,94200,92100,92300,25628,-1.5991471215351813
2019-11-14,92300,94200,91500,93700,30134,1.5167930660888407
2019-11-15,94700,96900,94100,96300,62765,2.774813233724653
2019-11-18,96300,96300,94200,94900,26602,-1.453790238836968
2019-11-19,94200,98700,94200,98200,76916,3.477344573234984
2019-11-20,97300,98600,95500,96300,35519,-1.9348268839103868
2019-11-21,95900,97400,95300,96600,50227,0.3115264797507788
2019-11-22,98000,99900,96200,97000,45712,0.4140786749482402
2019-11-25,97000,98100,96400,96900,29355,-0.10309278350515465
2019-11-26,97700,97700,95300,96400,39079,-0.5159958720330238
2019-11-27,97300,98600,96200,96900,33112,0.5186721991701244
2019-11-28,96000,99600,96000,99300,58183,2.476780185758514
2019-11-29,100000,103000,99500,101000,64822,1.7119838872104733
2019-12-02,103000,103000,97400,98600,34426,-2.376237623762376
2019-12-03,97800,99000,96500,98100,25857,-0.5070993914807302
2019-12-04,97100,97600,95800,97100,30178,-1.019367991845056
2019-12-05,97200,97800,94600,96800,42424,-0.30895983522142123
2019-12-06,97800,98500,96300,98100,23899,1.3429752066115703
2019-12-09,98100,98100,93700,95300,91308,-2.854230377166157
2019-12-10,95800,96200,94700,95600,20905,0.3147953830010493
2019-12-11,95600,98500,94700,98000,46027,2.510460251046025
2019-12-12,100500,101000,97700,99100,87466,1.1224489795918366
2019-12-13,100000,103500,99300,101000,60944,1.917255297679112
2019-12-16,102000,102500,98200,99100,68239,-1.881188118811881
2019-12-17,99100,104500,99000,103000,103134,3.9354187689202824
2019-12-18,103000,107000,101500,105000,69727,1.9417475728155338
2019-12-19,106500,110500,102000,104500,90002,-0.4761904761904762
2019-12-20,105000,107500,103000,104500,49226,0.0
2019-12-23,104500,105500,102500,105000,26859,0.4784688995215311
2019-12-24,105000,107000,104000,106500,42902,1.4285714285714286
2019-12-26,108000,108000,103500,106000,50686,-0.4694835680751174
2019-12-27,104500,108500,104000,107500,46437,1.4150943396226416
2019-12-30,108500,108500,104000,106000,38648,-1.3953488372093024
2020-01-02,105000,106500,103500,103500,39469,-2.358490566037736
2020-01-03,104500,108000,103000,106500,64817,2.898550724637681
2020-01-06,104000,107500,104000,106000,37824,-0.4694835680751174
2020-01-07,107000,108000,105000,107500,39107,1.4150943396226416
2020-01-08,106000,107500,103000,104500,50937,-2.7906976744186047
2020-01-09,105500,107000,104500,106000,58780,1.4354066985645932
2020-01-10,106000,106500,104000,106500,41099,0.4716981132075472
2020-01-13,105500,107000,103000,104500,70395,-1.8779342723004695
2020-01-14,104500,109000,103500,106000,71935,1.4354066985645932
2020-01-15,105500,109500,105500,108500,56822,2.358490566037736
2020-01-16,107000,114500,106000,113000,91684,4.147465437788019
2020-01-17,113000,116000,112500,115000,74439,1.7699115044247788
2020-01-20,114000,117000,114000,116000,69637,0.8695652173913043
2020-01-21,116500,117000,113000,115000,52116,-0.8620689655172413
2020-01-22,115000,118500,115000,118500,56740,3.0434782608695654
2020-01-23,118000,118500,115000,115500,32907,-2.5316455696202533
2020-01-28,110500,115000,110500,114000,48658,-1.2987012987012987
2020-01-29,113000,115000,111000,114000,37581,0.0
2020-01-30,113000,116000,112000,113500,52689,-0.43859649122807015
2020-01-31,113000,113500,106000,109000,92447,-3.9647577092511015
2020-02-03,105500,110500,103500,108500,67861,-0.45871559633027525
2020-02-04,107000,110500,106500,109500,78208,0.9216589861751152
2020-02-05,109000,112000,107500,110000,79158,0.45662100456621
2020-02-06,111500,112000,108500,110500,57735,0.45454545454545453
2020-02-07,110000,110000,106500,108500,56005,-1.809954751131222
2020-02-10,106500,110500,105500,110000,60896,1.3824884792626728
2020-02-11,112000,114000,111000,113000,66158,2.727272727272727
2020-02-12,114000,114000,109500,111500,64002,-1.3274336283185841
2020-02-13,112000,112000,107000,107500,94241,-3.587443946188341
2020-02-14,107000,109500,106500,108500,45008,0.9302325581395349
2020-02-17,108000,109000,106500,108000,32193,-0.4608294930875576
2020-02-18,107500,108000,103500,105500,111192,-2.314814814814815
2020-02-19,106500,108000,104000,106500,52523,0.9478672985781991
2020-02-20,105000,107500,104500,106500,57487,0.0
2020-02-21,104500,106000,103000,103500,57119,-2.8169014084507045
2020-02-24,100000,102500,98300,99100,120924,-4.251207729468599
2020-02-25,99900,100500,93800,96200,193156,-2.9263370332996974
2020-02-26,95000,97300,93700,96900,69098,0.7276507276507277
2020-02-27,97000,98000,94500,96300,73298,-0.6191950464396285
2020-02-28,96000,96000,91600,92800,70726,-3.6344755970924196
2020-03-02,93300,94900,92200,93600,50028,0.8620689655172413
2020-03-03,95700,97200,92700,93100,70462,-0.5341880341880342
2020-03-04,93700,95300,93200,94800,40771,1.8259935553168638
2020-03-05,94900,96800,93700,94500,33943,-0.31645569620253167
2020-03-06,93700,94400,92300,93200,36886,-1.3756613756613756
2020-03-09,92600,92600,88300,90600,62279,-2.7896995708154506
2020-03-10,90000,97200,89500,92800,76969,2.4282560706401766
2020-03-11,92100,93700,90000,91000,43987,-1.9396551724137931
2020-03-12,92900,92900,85000,87200,77363,-4.175824175824175
2020-03-13,78800,85800,78000,82900,90890,-4.931192660550459
2020-03-16,82900,84500,79500,81200,50520,-2.0506634499396865
2020-03-17,78100,82100,76500,80100,66892,-1.354679802955665
2020-03-18,79000,81900,75000,75000,59036,-6.367041198501873
2020-03-19,75700,77900,63800,66200,124313,-11.733333333333333
2020-03-20,68200,74100,66200,74100,64592,11.933534743202417
2020-03-23,68500,71800,66700,69700,85191,-5.937921727395412
2020-03-24,70600,73800,68100,73000,88531,4.734576757532281
2020-03-25,74300,78000,73600,76500,98027,4.794520547945205
2020-03-26,76700,78300,75500,76200,65678,-0.39215686274509803
2020-03-27,78300,80800,74500,75600,84204,-0.7874015748031495
2020-03-30,74000,77300,71800,75800,49200,0.26455026455026454
2020-03-31,76500,79800,75500,78900,54303,4.089709762532982
2020-04-01,77300,79500,74100,75500,54768,-4.309252217997465
2020-04-02,74600,76300,72600,75000,45665,-0.6622516556291391
2020-04-03,75000,75400,72600,74100,54030,-1.2
2020-04-06,74100,77600,74100,77600,46888,4.723346828609987
2020-04-07,78900,82300,78000,81500,101469,5.025773195876289
2020-04-08,80000,83100,79600,80500,57889,-1.2269938650306749
2020-04-09,81500,82500,80800,82500,59728,2.484472049689441
2020-04-10,82900,82900,79500,80700,56431,-2.181818181818182
2020-04-13,80100,80500,77700,77900,48689,-3.469640644361834
2020-04-14,78100,80400,77800,79900,35963,2.5673940949935816
2020-04-16,79000,81500,77900,81300,65215,1.7521902377972465
2020-04-17,82700,87700,82600,87700,97219,7.872078720787208
2020-04-20,87500,87500,84200,85200,72823,-2.8506271379703536
2020-04-21,85000,85000,80100,82500,98055,-3.169014084507042
2020-04-22,81500,83400,79500,83000,52226,0.6060606060606061
2020-04-23,83700,84000,82200,83900,34622,1.0843373493975903
2020-04-24,82600,83900,82300,82500,27591,-1.66865315852205
2020-04-27,82500,84300,82000,83700,31834,1.4545454545454546
2020-04-28,83500,83600,81500,81900,41360,-2.1505376344086025
2020-04-29,81900,86700,81900,85800,108071,4.761904761904762
2020-05-04,83300,84100,81800,82300,55687,-4.0792540792540795
2020-05-06,83500,83900,82100,83900,48542,1.9441069258809234
2020-05-07,83100,84000,81500,83300,50781,-0.7151370679380215
2020-05-08,83800,89900,83700,89000,84344,6.8427370948379345
2020-05-11,89000,89000,86800,87100,46194,-2.134831460674157
2020-05-12,87800,87800,83500,85000,42730,-2.4110218140068884
2020-05-13,84700,86200,83600,85400,27479,0.4705882352941176
2020-05-14,85000,88300,83100,87700,91070,2.693208430913349
2020-05-15,89000,104500,88800,97900,276929,11.630558722919043
2020-05-18,99000,99000,95600,98300,58842,0.40858018386108275
2020-05-19,99500,103000,97800,99000,75685,0.7121057985757884
2020-05-20,100500,101000,97600,97600,47767,-1.4141414141414141
2020-05-21,97800,102500,97600,100500,66218,2.971311475409836
2020-05-22,103000,103000,97400,98200,58060,-2.288557213930348
2020-05-25,100000,104500,98000,101500,78329,3.360488798370672
2020-05-26,103000,106500,102500,106500,63031,4.926108374384237
2020-05-27,105000,105000,100000,101000,61337,-5.164319248826291
2020-05-28,101500,102000,96900,98800,58366,-2.178217821782178
2020-05-29,98800,98800,97300,97500,60305,-1.3157894736842104
2020-06-01,97000,102000,96800,102000,76507,4.615384615384616
2020-06-02,101000,111500,99900,110500,206099,8.333333333333332
2020-06-03,112500,112500,107500,109500,92187,-0.904977375565611
2020-06-04,117500,124500,113500,115000,295431,5.0228310502283104
2020-06-05,118500,120500,113000,115500,108019,0.43478260869565216
2020-06-08,117000,117000,111500,114500,81277,-0.8658008658008658
2020-06-09,114500,115000,111000,113000,65752,-1.3100436681222707
2020-06-10,115000,120000,114500,120000,166822,6.1946902654867255
2020-06-11,118500,120500,113500,114500,102088,-4.583333333333333
2020-06-12,108000,120000,106000,118500,112327,3.4934497816593884
2020-06-15,115000,116000,109000,109500,93956,-7.59493670886076
2020-06-16,112500,114000,110500,113000,79273,3.1963470319634704
2020-06-17,111500,115000,109000,114500,70744,1.3274336283185841
2020-06-18,114500,127000,113000,121500,217041,6.11353711790393
2020-06-19,127000,134000,124500,124500,178685,2.4691358024691357
2020-06-22,124500,133000,124500,127000,121663,2.0080321285140563
2020-06-23,131000,131500,125000,125000,92667,-1.574803149606299
2020-06-24,126500,132500,122000,129000,92133,3.2
2020-06-25,128000,133500,127000,133000,101753,3.10077519379845
2020-06-26,134000,140500,130500,132000,125916,-0.7518796992481203
2020-06-29,131000,134000,127500,129000,82496,-2.272727272727273
2020-06-30,129000,133000,125000,127000,78609,-1.550387596899225
2020-07-01,130000,135000,127500,131500,109064,3.543307086614173
2020-07-02,133000,136000,128000,131500,56736,0.0
2020-07-03,131500,136000,130000,134500,54614,2.2813688212927756
2020-07-06,135500,136000,131500,135500,54283,0.7434944237918215
2020-07-07,138000,138000,129500,130500,74395,-3.6900369003690034
2020-07-08,131500,132500,129000,130500,43203,0.0
2020-07-09,131000,137500,129500,137000,71654,4.980842911877394
2020-07-10,137500,143000,133500,139500,67994,1.824817518248175
2020-07-13,143500,146000,139500,141500,63077,1.4336917562724014
2020-07-14,142000,145000,141000,141500,93427,0.0
2020-07-15,143000,153000,139000,148500,114745,4.946996466431095
2020-07-16,148500,159000,148000,154000,138434,3.7037037037037033
2020-07-17,156500,157500,146500,149000,98284,-3.2467532467532463
2020-07-20,147500,147500,143000,144000,83142,-3.3557046979865772
2020-07-21,145000,159500,144500,153000,135004,6.25
2020-07-22,151000,160000,151000,154000,83325,0.6535947712418301
2020-07-23,154000,156000,150000,154500,57465,0.3246753246753247
2020-07-24,153500,153500,145000,147500,91066,-4.53074433656958
2020-07-27,146000,149500,145500,149500,70335,1.3559322033898304
2020-07-28,148000,159000,147000,153500,106118,2.6755852842809364
2020-07-29,152500,155000,149000,151500,73244,-1.3029315960912053
2020-07-30,151500,152500,148000,152000,44769,0.33003300330033003
2020-07-31,152000,153000,148500,151500,51225,-0.3289473684210526
2020-08-03,151000,163000,150500,161000,125074,6.270627062706271
2020-08-04,162500,166500,156500,158000,98869,-1.8633540372670807
2020-08-05,158500,164000,156500,158500,88168,0.31645569620253167
2020-08-06,159000,169000,159000,163000,125819,2.8391167192429023
2020-08-07,165500,179000,163500,172000,214842,5.521472392638037
2020-08-10,173000,180000,168000,177000,104775,2.9069767441860463
2020-08-11,177000,180000,171000,173500,110641,-1.977401129943503
2020-08-12,171000,173000,159000,162500,246881,-6.340057636887608
2020-08-13,165000,167000,158000,161000,142217,-0.9230769230769231
2020-08-14,163500,165500,155500,156500,159667,-2.7950310559006213
2020-08-18,158000,166000,157000,159500,225296,1.9169329073482428
2020-08-19,163000,165500,154500,157000,150182,-1.5673981191222568
2020-08-20,157000,157000,145500,147000,183823,-6.369426751592357
2020-08-21,150000,153000,145000,148500,171474,1.0204081632653061
2020-08-24,148000,157500,142000,154500,228085,4.040404040404041
2020-08-25,156500,157000,149500,154000,121955,-0.3236245954692557
2020-08-26,156500,159000,150500,155000,123739,0.6493506493506493
2020-08-27,160500,170500,158500,164500,288010,6.129032258064516
2020-08-28,167500,169000,161500,164000,127070,-0.303951367781155
2020-08-31,165000,166500,157000,161500,100949,-1.524390243902439
2020-09-01,160000,160500,154000,157500,102421,-2.476780185758514
2020-09-02,159000,161000,154500,157500,65635,0.0
2020-09-03,158500,160000,156500,158000,81073,0.31746031746031744
2020-09-04,150000,156000,150000,156000,130184,-1.2658227848101267
2020-09-07,155000,155000,150500,152500,128834,-2.2435897435897436
2020-09-08,153000,154000,149500,152000,104568,-0.32786885245901637
2020-09-09,148500,151000,148000,148500,91045,-2.302631578947368
2020-09-10,150500,151000,148000,149000,71509,0.33670033670033667
2020-09-11,148000,152500,147500,152500,67800,2.348993288590604
2020-09-14,152000,152000,147500,151500,79106,-0.6557377049180327
2020-09-15,152500,157000,151000,151500,104833,0.0
2020-09-16,152000,152500,148000,148000,127680,-2.31023102310231
2020-09-17,148500,150500,144500,148000,93101,0.0
2020-09-18,148000,151500,147500,150000,73807,1.3513513513513513
2020-09-21,151000,151000,143000,144000,73575,-4.0
2020-09-22,144000,146000,134000,139000,133814,-3.4722222222222223
2020-09-23,140000,144500,135500,143000,131561,2.877697841726619
2020-09-24,139500,142500,136500,136500,86622,-4.545454545454546
2020-09-25,139500,142000,136000,138500,53918,1.465201465201465
2020-09-28,141500,143000,139500,141500,58108,2.166064981949458
2020-09-29,143500,150000,143500,149500,112537,5.6537102473498235
2020-10-05,154000,154500,149500,151000,106081,1.0033444816053512
2020-10-06,152000,152000,149000,151000,52135,0.0
2020-10-07,150000,153000,149000,153000,60650,1.3245033112582782
2020-10-08,155000,155000,153000,154000,63091,0.6535947712418301
2020-10-12,157000,158500,154000,158000,92078,2.5974025974025974
2020-10-13,158000,158000,153000,154000,46152,-2.5316455696202533
2020-10-14,153500,154000,148500,148500,52701,-3.571428571428571
2020-10-15,147500,151500,146000,150000,65228,1.0101010101010102
2020-10-16,151500,152000,144500,147500,57355,-1.6666666666666667
2020-10-19,148000,149000,144500,145500,47359,-1.3559322033898304
2020-10-20,145500,149500,144500,149500,47756,2.7491408934707904
2020-10-21,149500,150000,147500,150000,24566,0.33444816053511706
2020-10-22,150000,153000,147500,151500,53776,1.0
2020-10-23,151500,153000,149000,150500,23398,-0.6600660066006601
2020-10-26,149500,149500,140500,140500,65114,-6.64451827242525
2020-10-27,140500,143000,135500,140000,52865,-0.3558718861209964
2020-10-28,138500,145500,138500,145000,38429,3.571428571428571
2020-10-29,142500,146000,140500,145500,43294,0.3448275862068966
2020-10-30,145500,145500,139000,141000,33775,-3.0927835051546393
2020-11-02,141500,144000,140000,140500,33726,-0.3546099290780142
2020-11-03,141500,148500,141500,147000,57169,4.6263345195729535
2020-11-04,150500,150500,147000,150500,47447,2.380952380952381
2020-11-05,150500,153500,149000,153500,57813,1.9933554817275747
2020-11-06,154000,154000,149500,150000,39932,-2.2801302931596092
2020-11-09,151500,155500,151000,153500,73885,2.3333333333333335
2020-11-10,154000,155000,150500,153000,44154,-0.32573289902280134
2020-11-11,152500,153500,149500,150000,41168,-1.9607843137254901
2020-11-12,149000,156000,148500,155000,64445,3.3333333333333335
2020-11-13,156000,164000,153000,163000,155958,5.161290322580645
2020-11-16,166000,173500,163500,173000,170030,6.134969325153374
2020-11-17,171000,172500,168000,172500,95759,-0.2890173410404624
2020-11-18,170000,171000,162500,162500,138919,-5.797101449275362
2020-11-19,161000,165500,159000,164000,67675,0.9230769230769231
2020-11-20,163000,165500,162000,164000,42343,0.0
2020-11-23,163000,167000,161500,164000,59265,0.0
2020-11-24,163500,165000,160000,165000,110431,0.6097560975609756
2020-11-25,166500,168000,159000,160500,82378,-2.727272727272727
2020-11-26,160500,161500,158500,159500,59784,-0.6230529595015576
2020-11-27,161000,161500,159000,159500,52777,0.0
2020-11-30,161500,162000,156000,156000,75949,-2.19435736677116
2020-12-01,158000,160000,156500,159500,34903,2.2435897435897436
2020-12-02,159000,160500,157000,160000,66237,0.3134796238244514
2020-12-03,160000,160000,157000,158500,50348,-0.9375
2020-12-04,160000,160500,157500,159500,58391,0.6309148264984227
2020-12-07,158000,158500,155000,156500,61589,-1.8808777429467085
2020-12-08,156000,158000,155000,155500,37732,-0.6389776357827476
2020-12-09,155500,162000,153500,161500,104124,3.858520900321544
2020-12-10,160000,163000,158000,161500,72827,0.0
2020-12-11,162500,162500,161000,162000,54043,0.30959752321981426
2020-12-14,162000,166000,161000,166000,83200,2.4691358024691357
2020-12-15,166000,166000,161500,164000,53641,-1.2048192771084338
2020-12-16,166000,173000,166000,172000,131540,4.878048780487805
2020-12-17,173000,179000,173000,174000,80420,1.1627906976744187
2020-12-18,175500,178000,174000,176500,66007,1.4367816091954022
2020-12-21,179000,182000,173500,181000,88585,2.5495750708215295
2020-12-22,181000,181500,173500,174500,76867,-3.591160220994475
2020-12-23,176500,178000,171000,175500,42683,0.5730659025787965
2020-12-24,177000,187000,177000,184000,105717,4.843304843304843
2020-12-28,186000,188000,180000,182500,78196,-0.8152173913043478
2020-12-29,183000,187000,181000,185000,67380,1.36986301369863
2020-12-30,185000,199500,183000,196500,116792,6.216216216216217
2021-01-04,198000,199000,189000,197000,136189,0.2544529262086514
2021-01-05,195500,198000,191500,198000,97252,0.5076142131979695
2021-01-06,198000,198500,189000,189000,126614,-4.545454545454546
2021-01-07,190500,192500,188000,189000,77636,0.0
2021-01-08,193500,194000,189000,193000,104003,2.1164021164021163
2021-01-11,192000,192500,182000,185500,175197,-3.8860103626943006
2021-01-12,185500,190000,180500,189000,116124,1.8867924528301887
2021-01-13,190000,190000,185500,187000,79910,-1.0582010582010581
2021-01-14,186500,194000,186000,193000,106410,3.2085561497326207
2021-01-15,194500,199500,191500,195500,91612,1.2953367875647668
2021-01-18,190500,193500,186500,190500,100073,-2.557544757033248
2021-01-19,192000,197500,190000,197000,86921,3.4120734908136483
2021-01-20,198500,198500,192500,196000,70806,-0.5076142131979695
2021-01-21,196000,196500,193000,195000,68457,-0.5102040816326531
2021-01-22,200000,208500,198500,200000,149043,2.564102564102564
2021-01-25,206000,213000,203000,209000,120386,4.5
2021-01-26,209000,209500,202000,204000,74825,-2.3923444976076556
2021-01-27,206000,213000,204000,208000,107676,1.9607843137254901
2021-01-28,198500,202000,196500,199000,130532,-4.326923076923077
2021-01-29,201000,201500,190500,193000,116175,-3.015075376884422
2021-02-01,192500,198000,190000,197000,60551,2.072538860103627
2021-02-02,200000,202000,195000,199000,47384,1.015228426395939
2021-02-03,199000,205000,197000,205000,88932,3.015075376884422
2021-02-04,206000,206000,200000,204000,64921,-0.4878048780487805
2021-02-05,204000,222000,202500,217500,129920,6.61764705882353
2021-02-08,225000,230000,223500,226000,136959,3.9080459770114944
2021-02-09,227000,229500,222000,225500,74724,-0.22123893805309736
2021-02-10,224500,226500,216500,220500,92841,-2.2172949002217295
2021-02-15,227500,239000,225500,232500,115693,5.442176870748299
2021-02-16,232500,235000,229000,230500,58043,-0.8602150537634409
2021-02-17,230500,241500,223500,237000,105187,2.8199566160520604
2021-02-18,237000,252000,237000,238000,155439,0.42194092827004215
2021-02-19,236500,246000,232000,242000,81960,1.680672268907563
2021-02-22,249000,255000,240500,245500,95483,1.4462809917355373
2021-02-23,240500,245000,236000,239500,94462,-2.4439918533604885
2021-02-24,241500,250500,231000,235000,130273,-1.8789144050104383
2021-02-25,240000,249000,235500,246500,73350,4.8936170212765955
2021-02-26,241000,245000,235500,244000,95264,-1.0141987829614605
2021-03-02,247000,247500,236000,237500,105012,-2.663934426229508
2021-03-03,236000,236000,224000,229000,163801,-3.578947368421052
2021-03-04,229500,235500,226000,234000,82454,2.1834061135371177
2021-03-05,229500,236000,228500,234500,74059,0.2136752136752137
2021-03-08,237500,237500,226000,228500,59926,-2.55863539445629
2021-03-09,229500,232000,219500,221000,88186,-3.282275711159737
2021-03-10,226500,227500,217500,220000,63759,-0.4524886877828055
2021-03-11,221000,230500,218000,226000,74272,2.727272727272727
2021-03-12,229500,232000,223500,228000,35307,0.8849557522123894
2021-03-15,229000,229000,221500,224500,42644,-1.5350877192982455
2021-03-16,225000,232000,223500,230000,52419,2.4498886414253898
2021-03-17,230000,230000,224000,225000,36489,-2.1739130434782608
2021-03-18,227000,230000,225000,226500,31293,0.6666666666666667
2021-03-19,221500,228000,220000,226000,37383,-0.22075055187637968
2021-03-22,226500,228000,224500,227000,39609,0.4424778761061947
2021-03-23,226000,227500,220000,223000,72966,-1.762114537444934
2021-03-24,219500,226500,218500,225000,38805,0.8968609865470852
2021-03-25,225000,245500,223000,238000,145811,5.777777777777778
2021-03-26,242000,247000,238000,243500,66296,2.3109243697478994
2021-03-29,244500,248000,233000,236500,82670,-2.8747433264887063
2021-03-30,237500,240500,233500,239500,42008,1.2684989429175475
2021-03-31,236000,241500,236000,241000,54381,0.6263048016701461
2021-04-01,247000,259500,244000,259500,117502,7.676348547717843
2021-04-02,260000,262000,255000,261000,47120,0.5780346820809248
2021-04-05,260000,269500,256000,261500,49843,0.19157088122605362
2021-04-06,261500,261500,252500,257000,39677,-1.7208413001912046
2021-04-07,255000,259500,252500,252500,33122,-1.7509727626459144
2021-04-08,253000,257000,249500,256000,47326,1.3861386138613863
2021-04-09,254500,268000,253500,262500,79349,2.5390625
2021-04-12,262000,272000,260000,263500,48775,0.38095238095238093
2021-04-13,265000,265000,260000,263500,39496,0.0
2021-04-14,263500,266500,260500,264500,32065,0.3795066413662239
2021-04-15,262500,271000,261000,265000,45422,0.1890359168241966
2021-04-16,265000,267500,262500,263000,28748,-0.7547169811320755
2021-04-19,263500,271500,262000,268000,56347,1.9011406844106464
2021-04-20,265500,266500,260500,263000,43212,-1.8656716417910446
2021-04-21,261500,263000,251000,254500,77258,-3.2319391634980987
2021-04-22,256000,256000,248500,251000,66871,-1.37524557956778
2021-04-23,250000,256000,248000,254500,56123,1.394422310756972
2021-04-26,255000,255000,247500,250500,56008,-1.5717092337917484
2021-04-27,250000,251500,247000,249000,45646,-0.5988023952095809
2021-04-28,251000,251000,243000,244500,45155,-1.8072289156626504
2021-04-29,245000,248500,241500,243000,40266,-0.6134969325153374
2021-04-30,241500,247500,241000,247500,57476,1.8518518518518516
2021-05-03,250000,252500,244500,247000,42661,-0.20202020202020202
2021-05-04,245500,249000,239500,242500,48509,-1.8218623481781375
2021-05-06,244500,249500,242000,249500,27702,2.88659793814433
2021-05-07,249500,250000,246500,247000,24348,-1.002004008016032
2021-05-10,247500,254500,247500,253000,47006,2.42914979757085
2021-05-11,252000,252000,239000,241500,102594,-4.545454545454546
2021-05-12,241500,242000,229000,231500,87759,-4.140786749482402
2021-05-13,229500,239000,229500,232000,62644,0.21598272138228944
2021-05-14,237000,244000,234000,242000,47828,4.310344827586207
2021-05-17,240000,240000,231000,234500,50088,-3.0991735537190084
2021-05-18,238000,239000,234500,235000,39751,0.21321961620469082
2021-05-20,235000,239000,234500,238000,34558,1.276595744680851
2021-05-21,240000,247000,239000,245500,60617,3.1512605042016806
2021-05-24,245000,245000,235000,237000,54200,-3.462321792260693
2021-05-25,239000,243500,238500,242000,42679,2.109704641350211
2021-05-26,242500,245000,242500,244000,42489,0.8264462809917356
2021-05-27,244500,249000,241000,249000,56873,2.0491803278688523
2021-05-28,251000,251000,248000,250000,35006,0.4016064257028112
2021-05-31,250500,251000,247000,249000,27324,-0.4
2021-06-01,250500,256500,250000,255000,67515,2.4096385542168677
2021-06-02,255000,256000,252000,254500,43234,-0.19607843137254902
2021-06-03,254500,263500,254500,256000,62108,0.5893909626719057
2021-06-04,256000,258500,255000,256000,26333,0.0
2021-06-07,256000,260000,254500,255500,28404,-0.1953125
2021-06-08,259500,260000,252000,255000,30001,-0.19569471624266144
2021-06-09,255500,256500,253500,254000,26650,-0.39215686274509803
2021-06-10,251500,253500,248500,250000,44521,-1.574803149606299
2021-06-11,249000,253000,248500,250500,23758,0.2
2021-06-14,250500,254500,250000,250500,17849,0.0
2021-06-15,250500,255500,249500,250000,23682,-0.19960079840319359
2021-06-16,250000,255500,250000,254500,27704,1.7999999999999998
2021-06-17,250000,255500,250000,252000,33215,-0.9823182711198428
2021-06-18,253000,259000,252000,256000,32525,1.5873015873015872
2021-06-21,252000,253000,244000,249500,43473,-2.5390625
2021-06-22,253000,256500,248500,250500,51544,0.4008016032064128
2021-06-23,252500,254500,248000,248500,40016,-0.7984031936127743
2021-06-24,248500,251000,246000,247500,26614,-0.4024144869215292
2021-06-25,251500,252500,247000,249000,34658,0.6060606060606061
2021-06-28,248000,250000,244500,245500,44457,-1.4056224899598393
2021-06-29,243500,245500,239000,240000,73081,-2.240325865580448
2021-06-30,241500,249000,240000,245500,54075,2.2916666666666665
2021-07-01,245500,247000,240500,240500,40336,-2.0366598778004072
2021-07-02,240500,244500,240000,240500,31085,0.0
2021-07-05,242000,242000,237500,238500,35894,-0.8316008316008316
2021-07-06,240500,245000,239000,243000,30913,1.8867924528301887
2021-07-07,240500,243500,238000,243500,29218,0.205761316872428
2021-07-08,241500,244000,236500,237000,40582,-2.6694045174537986
2021-07-09,232500,236500,230000,232500,37193,-1.89873417721519
2021-07-12,233500,239000,233500,236500,27276,1.7204301075268817
2021-07-13,239000,240500,236500,237500,31682,0.42283298097251587
2021-07-14,238000,240500,236000,238000,24380,0.21052631578947367
2021-07-15,238000,250000,238000,249500,61680,4.831932773109244
2021-07-16,253000,254500,244500,250000,72251,0.2004008016032064
2021-07-19,248500,250500,244500,247000,35298,-1.2
2021-07-20,244500,254000,244500,250000,54815,1.214574898785425
2021-07-21,253000,263500,252000,259000,141066,3.5999999999999996
2021-07-22,261500,283000,261500,282500,204878,9.073359073359073
2021-07-23,285000,286000,279500,284000,58691,0.5309734513274336
2021-07-26,281000,286000,278500,283000,60853,-0.35211267605633806
2021-07-27,282500,285000,275500,278000,65468,-1.76678445229682
2021-07-28,276000,281000,256000,261000,196979,-6.115107913669065
2021-07-29,265000,269500,262000,268000,64741,2.681992337164751
2021-07-30,271000,271500,261500,267500,46172,-0.18656716417910446
2021-08-02,268000,270500,262500,267500,32117,0.0
2021-08-03,264500,270000,260000,269000,37044,0.5607476635514018
2021-08-04,266000,268500,259500,264000,52545,-1.858736059479554
2021-08-05,264500,271000,263500,265500,39031,0.5681818181818182
2021-08-06,268500,271000,265500,268000,53043,0.9416195856873822
2021-08-09,269000,278000,263500,270500,74657,0.9328358208955223
2021-08-10,277500,299500,264000,293500,197395,8.502772643253234
2021-08-11,297500,304500,284500,289000,134820,-1.5332197614991483
2021-08-12,287000,293000,283500,290000,103985,0.34602076124567477
2021-08-13,290500,309500,288000,297000,161563,2.413793103448276
2021-08-17,299000,306000,286500,287000,95539,-3.3670033670033668
2021-08-18,286000,290000,280000,286000,75694,-0.34843205574912894
2021-08-19,289000,300000,283000,284500,81785,-0.5244755244755245
2021-08-20,288500,291500,278000,284000,58293,-0.17574692442882248
2021-08-23,285000,287500,278000,285000,40806,0.35211267605633806
2021-08-24,286000,295000,285500,289500,45130,1.5789473684210527
2021-08-25,298000,302500,289500,295000,74258,1.8998272884283247
2021-08-26,300500,301000,290500,297000,52184,0.6779661016949152
2021-08-27,297000,297000,292000,294000,40157,-1.0101010101010102
2021-08-30,296000,297000,285000,287000,50634,-2.380952380952381
2021-08-31,286000,291000,284000,290500,41851,1.2195121951219512
2021-09-01,285500,294000,285500,292000,27893,0.5163511187607573
2021-09-02,292000,300000,291000,296000,51671,1.36986301369863
2021-09-03,299500,315000,298500,307500,141456,3.885135135135135
2021-09-06,308000,312500,300500,304000,43188,-1.1382113821138211
2021-09-07,302000,309000,301000,307000,35306,0.9868421052631579
2021-09-08,303500,313500,303000,310000,48042,0.9771986970684038
2021-09-09,318500,330000,304000,306500,75139,-1.129032258064516
2021-09-10,308500,323500,307000,318500,74531,3.915171288743882
2021-09-13,317000,328000,315000,317500,58330,-0.3139717425431711
2021-09-14,330000,340000,323000,327000,103110,2.9921259842519685
2021-09-15,329000,350000,327500,341500,132699,4.434250764525994
2021-09-16,339000,345000,334000,335000,56066,-1.903367496339678
2021-09-17,333000,340000,329500,333500,61160,-0.44776119402985076
2021-09-23,329500,352000,329500,348000,90891,4.3478260869565215
2021-09-24,355000,379500,353500,371500,138334,6.752873563218391
2021-09-27,378500,392000,371000,372500,133677,0.2691790040376851
2021-09-28,376500,377000,356500,359500,107500,-3.48993288590604
2021-09-29,346000,358000,343000,349500,98889,-2.781641168289291
2021-09-30,344500,349500,331000,346500,101017,-0.8583690987124464
2021-10-01,345000,358000,339500,339500,54194,-2.0202020202020203
2021-10-05,332500,337500,320500,333500,100681,-1.7673048600883652
2021-10-06,347000,349000,327000,327000,119654,-1.9490254872563717
2021-10-07,333500,336500,319000,329500,79425,0.764525993883792
2021-10-08,330000,338500,320500,334500,108024,1.5174506828528074
2021-10-12,334500,335000,327500,333000,64988,-0.4484304932735426
2021-10-13,337000,341500,329000,339000,66721,1.8018018018018018
2021-10-14,346000,357500,343000,349500,101190,3.0973451327433628
2021-10-15,350000,369500,347000,362000,111936,3.5765379113018603
2021-10-18,365000,365500,354500,362000,53953,0.0
2021-10-19,362000,371500,357500,362500,66780,0.13812154696132595
2021-10-20,362500,365500,343500,346500,118537,-4.413793103448276
2021-10-21,347000,351500,337500,342500,71762,-1.1544011544011543
2021-10-22,339000,345500,335000,342500,35373,0.0
2021-10-25,338500,341500,327000,339000,59618,-1.0218978102189782
2021-10-26,344000,345000,336500,339000,45841,0.0
2021-10-27,340500,342500,333000,336000,35839,-0.8849557522123894
2021-10-28,338000,340500,333000,339000,42359,0.8928571428571428
2021-10-29,339500,343000,328000,329000,63599,-2.949852507374631
2021-11-01,330500,334000,320500,323000,41317,-1.82370820668693
2021-11-02,323000,332500,322000,325000,49314,0.6191950464396285
2021-11-03,326500,331000,323000,328500,26902,1.0769230769230769
2021-11-04,326500,336000,326500,332000,50445,1.06544901065449
2021-11-05,334500,347000,332500,338500,89080,1.957831325301205
2021-11-08,341000,345500,332500,336500,30354,-0.5908419497784343
2021-11-09,338500,343500,333000,342000,42398,1.634472511144131
2021-11-10,336500,340000,329000,334500,36270,-2.1929824561403506
2021-11-11,327500,333000,325500,332500,41351,-0.5979073243647235
2021-11-12,335000,345000,328000,329000,76405,-1.0526315789473684
2021-11-15,327500,328500,315000,317500,93256,-3.4954407294832825
2021-11-16,317000,317000,305000,308000,132862,-2.9921259842519685
2021-11-17,307000,309500,299500,301000,120092,-2.272727272727273
2021-11-18,301000,318500,295000,316500,111376,5.149501661129568
2021-11-19,313500,322000,312000,316500,63651,0.0
2021-11-22,316000,323500,312000,319500,61366,0.9478672985781991
2021-11-23,321000,332000,313500,315000,50386,-1.4084507042253522
2021-11-24,316000,319500,311000,317000,44138,0.6349206349206349
2021-11-25,317000,322500,313000,317000,33681,0.0
2021-11-26,318000,318000,307500,309000,36739,-2.5236593059936907
2021-11-29,295000,314500,295000,309000,57325,0.0
2021-11-30,305500,314000,296000,298000,51975,-3.559870550161812
2021-12-01,298500,307000,289500,306000,50948,2.684563758389262
2021-12-02,305000,312000,301500,310000,51718,1.3071895424836601
2021-12-03,302000,316500,302000,315500,45441,1.7741935483870968
2021-12-06,313500,316500,307000,313500,25209,-0.6339144215530903
2021-12-07,312000,312000,307500,310000,41061,-1.1164274322169059
2021-12-08,312000,327000,312000,321000,68510,3.5483870967741935
2021-12-09,329500,329500,318500,321500,70981,0.1557632398753894
2021-12-10,321000,324500,316500,321500,50837,0.0
2021-12-13,321500,322500,312500,315000,27545,-2.021772939346812
2021-12-14,310500,321500,307000,318500,35386,1.1111111111111112
2021-12-15,315500,315500,303000,308000,53121,-3.296703296703297
2021-12-16,312000,315000,305500,306500,40713,-0.487012987012987
2021-12-17,303000,307000,300500,300500,34394,-1.957585644371941
2021-12-20,299500,305500,295000,296500,44492,-1.3311148086522462
2021-12-21,298500,305000,294000,296500,33075,0.0
2021-12-22,299000,303000,293500,293500,32581,-1.0118043844856661
2021-12-23,296500,303500,290000,303000,50415,3.2367972742759794
2021-12-24,300000,308000,300000,302500,29508,-0.16501650165016502
2021-12-27,301000,301500,295500,299000,32013,-1.1570247933884297
2021-12-28,297000,306000,296500,305000,56269,2.0066889632107023
2021-12-29,301500,313500,299000,306500,36659,0.49180327868852464
2021-12-30,305000,308000,301500,305500,30234,-0.3262642740619902
2022-01-03,303500,307000,296000,297500,44041,-2.618657937806874
2022-01-04,297500,299500,293000,293000,30829,-1.5126050420168067
2022-01-05,291500,294000,284500,288000,58582,-1.7064846416382253
2022-01-06,282500,287000,276500,277000,69308,-3.8194444444444446
2022-01-07,281500,287000,277500,281000,57891,1.444043321299639
2022-01-10,280000,283500,272000,273000,54141,-2.8469750889679712
2022-01-11,274000,278500,267500,269000,61600,-1.465201465201465
2022-01-12,271000,281500,271000,278500,48893,3.5315985130111525
2022-01-13,278500,284000,272000,273500,40762,-1.7953321364452424
2022-01-14,273000,273000,262500,264000,98028,-3.473491773308958
2022-01-17,264000,267000,257000,261000,72893,-1.1363636363636365
2022-01-18,259500,263000,253000,256000,90390,-1.9157088122605364
2022-01-19,251500,255500,246000,248000,72746,-3.125
2022-01-20,248000,255000,247000,254000,66745,2.4193548387096775
2022-01-21,250000,258000,249000,253000,66285,-0.39370078740157477
2022-01-24,250000,253500,244000,245500,48386,-2.9644268774703555
2022-01-25,245500,246000,231500,232500,114346,-5.295315682281059
2022-01-26,234000,234500,221500,228000,129742,-1.935483870967742
2022-01-27,232000,233000,214500,218000,163606,-4.385964912280701
2022-01-28,216500,220500,208000,213000,189311,-2.293577981651376
2022-02-03,216500,217500,208000,213500,151110,0.2347417840375587
2022-02-04,215000,226500,212500,224500,148061,5.152224824355972
2022-02-07,225500,227000,218000,223000,147710,-0.6681514476614699
2022-02-08,226500,231000,220500,224500,102845,0.672645739910314
2022-02-09,228000,232000,225500,227500,51179,1.3363028953229399
2022-02-10,228000,233500,226500,232500,64991,2.197802197802198
2022-02-11,227500,228000,221500,223000,74737,-4.086021505376344
2022-02-14,218000,220500,212500,216000,98127,-3.1390134529147984
2022-02-15,213000,220500,206500,215000,79330,-0.4629629629629629
2022-02-16,217500,222500,214000,220000,72199,2.3255813953488373
2022-02-17,220000,225000,215000,218500,64964,-0.6818181818181818
2022-02-18,214000,221500,211500,219500,41406,0.4576659038901602
2022-02-21,215500,217500,213000,217000,26614,-1.1389521640091116
2022-02-22,213000,216500,211000,211000,50197,-2.7649769585253456
2022-02-23,211500,217000,210500,217000,45985,2.843601895734597
2022-02-24,211500,221000,207500,208000,47974,-4.147465437788019
2022-02-25,212500,222500,210000,217000,57123,4.326923076923077
2022-02-28,216500,218500,214000,214500,34239,-1.1520737327188941
2022-03-02,216500,225000,213000,223000,133609,3.9627039627039626
2022-03-03,226500,226500,221000,223000,63344,0.0
2022-03-04,222000,222000,215500,217000,73284,-2.690582959641256
2022-03-07,212000,214000,207500,207500,82903,-4.377880184331797
2022-03-08,205000,205000,198000,199000,81066,-4.096385542168675
2022-03-10,204500,212500,199000,209000,121797,5.025125628140704
2022-03-11,207000,209000,201000,204000,33275,-2.3923444976076556
2022-03-14,202000,202500,193500,198000,70028,-2.941176470588235
2022-03-15,196500,199500,193000,195500,48910,-1.2626262626262625
2022-03-16,198000,209000,198000,201000,152918,2.813299232736573
2022-03-17,210500,216500,210000,212000,108786,5.472636815920398
2022-03-18,211500,226500,209500,225500,126925,6.367924528301887
2022-03-21,228000,230500,222500,222500,68554,-1.3303769401330376
2022-03-22,225000,231000,220000,223500,72017,0.44943820224719105
2022-03-23,227000,230000,222000,228000,77231,2.013422818791946
2022-03-24,224500,229000,222500,227500,39043,-0.21929824561403508
2022-03-25,230500,236500,228500,235000,92699,3.296703296703297
2022-03-28,235000,236000,229000,233000,52734,-0.851063829787234
2022-03-29,236000,238500,230000,232500,53985,-0.2145922746781116
2022-03-30,235500,238500,233000,236000,51695,1.5053763440860215
2022-03-31,235500,248000,234000,245500,100316,4.025423728813559
2022-04-01,241500,242000,232000,236500,123974,-3.6659877800407332
2022-04-04,233500,238500,231500,236500,32592,0.0
2022-04-05,238000,245000,237500,240000,51934,1.4799154334038054
2022-04-06,235500,240000,235000,235000,38290,-2.083333333333333
2022-04-07,232000,236000,230000,231000,44766,-1.702127659574468
2022-04-08,232000,237000,232000,236500,38451,2.380952380952381
2022-04-11,235500,235500,225000,226000,65515,-4.439746300211417
2022-04-12,222000,223000,217000,221000,71557,-2.2123893805309733
2022-04-13,223000,223500,218000,220000,48277,-0.4524886877828055
2022-04-14,220500,227500,217500,224500,59801,2.0454545454545454
2022-04-15,220500,221500,215500,216000,71653,-3.78619153674833
2022-04-18,216500,221000,213000,218000,30971,0.9259259259259258
2022-04-19,218500,232000,218000,231000,74260,5.963302752293578
2022-04-20,228000,232000,227000,230500,54723,-0.21645021645021645
2022-04-21,232000,244000,231500,236500,88067,2.6030368763557483
2022-04-22,233000,237500,230500,235500,37297,-0.42283298097251587
2022-04-25,231500,231500,226000,231000,45466,-1.910828025477707
2022-04-26,231000,232500,227000,228500,75858,-1.0822510822510822
2022-04-27,222000,232500,221500,231000,54790,1.0940919037199124
2022-04-28,233500,239500,230500,235000,76534,1.7316017316017316
2022-04-29,235000,247000,232000,246500,87376,4.8936170212765955
2022-05-02,243000,247000,239000,243000,89334,-1.4198782961460445
2022-05-03,242000,248500,241500,244000,78029,0.411522633744856
2022-05-04,247500,257500,247000,248500,83011,1.8442622950819672
2022-05-06,243500,245000,238000,242000,112126,-2.61569416498994
2022-05-09,240000,241500,234000,237000,51125,-2.066115702479339
2022-05-10,230500,237000,226500,235000,103264,-0.8438818565400843
2022-05-11,233000,237500,231000,236000,59719,0.425531914893617
2022-05-12,229500,234000,223000,228000,91369,-3.389830508474576
2022-05-13,234000,245000,234000,243000,151125,6.578947368421052
2022-05-16,248000,249500,241500,243500,78914,0.205761316872428
2022-05-17,247000,268000,246000,265500,207060,9.034907597535934
2022-05-18,265500,270000,261000,264500,133227,-0.3766478342749529
2022-05-19,258500,269500,258000,262000,129220,-0.945179584120983
2022-05-20,266500,280000,263500,270500,158365,3.2442748091603053
2022-05-23,271500,272000,263000,266000,77274,-1.6635859519408502
2022-05-24,264000,264000,251500,252500,119288,-5.075187969924812
2022-05-25,254500,257500,247000,252500,102124,0.0
2022-05-26,254500,258000,246000,250000,98969,-0.9900990099009901
2022-05-27,257000,262500,254500,255000,59227,2.0
2022-05-30,260000,267000,257000,266500,66452,4.509803921568627
2022-05-31,267000,269000,263000,265500,90201,-0.37523452157598497
2022-06-02,264000,266500,254000,256000,69891,-3.5781544256120528
2022-06-03,259500,261000,256500,258500,40949,0.9765625
2022-06-07,256000,258000,248000,251500,64061,-2.7079303675048356
2022-06-08,251500,254000,248500,252500,54240,0.3976143141153081
2022-06-09,250000,253000,247500,252000,52909,-0.19801980198019803
2022-06-10,248000,250500,244000,250000,48326,-0.7936507936507936
2022-06-13,241500,245500,237000,237000,55637,-5.2
2022-06-14,236000,242000,231000,240000,63828,1.2658227848101267
2022-06-15,239000,242500,233000,235500,40812,-1.875
2022-06-16,238500,244000,234000,234500,56453,-0.42462845010615713
2022-06-17,226500,231500,219000,228500,140591,-2.55863539445629
2022-06-20,231500,232000,222000,225000,60921,-1.5317286652078774
2022-06-21,228000,228000,220000,223000,47296,-0.8888888888888888
2022-06-22,225000,225000,210000,211000,101465,-5.381165919282512
2022-06-23,209000,215500,204000,206000,84195,-2.3696682464454977
2022-06-24,206000,217500,205000,217000,58785,5.339805825242718
2022-06-27,218500,224000,213500,222500,41435,2.5345622119815667
2022-06-28,223000,225000,217000,220000,33276,-1.1235955056179776
2022-06-29,215000,218500,211500,216500,39812,-1.5909090909090908
2022-06-30,215500,216000,202500,204000,58509,-5.773672055427252
2022-07-01,203000,208000,199000,201000,103301,-1.4705882352941175
2022-07-04,201000,203000,195500,200500,89436,-0.24875621890547264
2022-07-05,204500,216500,201500,214500,67789,6.982543640897755
2022-07-06,211500,220000,210500,210500,47319,-1.8648018648018647
2022-07-07,215000,217500,212500,216000,33043,2.6128266033254155
2022-07-08,218000,219000,213000,214000,42630,-0.9259259259259258
2022-07-11,214000,222500,212500,214500,45398,0.23364485981308408
2022-07-12,212500,213000,205000,209500,47100,-2.331002331002331
2022-07-13,212500,218500,209500,217000,41837,3.579952267303103
2022-07-14,218000,220000,213000,213500,38104,-1.6129032258064515
2022-07-15,216000,220500,211000,216000,48815,1.1709601873536302
2022-07-18,220000,223000,219000,220500,31030,2.083333333333333
2022-07-19,222500,222500,216000,222000,29071,0.6802721088435374
2022-07-20,227000,227000,221500,223500,31936,0.6756756756756757
2022-07-21,221500,225500,220500,224500,24640,0.44742729306487694
2022-07-22,221000,225000,219000,219500,25698,-2.2271714922048997
2022-07-25,217500,221000,215500,220000,27372,0.22779043280182232
2022-07-26,219000,223500,218000,223500,16803,1.5909090909090908
2022-07-27,221000,223500,215000,217000,50586,-2.9082774049217
2022-07-28,220000,223500,219500,223000,63237,2.7649769585253456
2022-07-29,224000,226000,217000,219500,61484,-1.5695067264573992
2022-08-01,218500,227500,217000,225000,55928,2.5056947608200453
2022-08-02,223000,227500,221000,226000,42293,0.4444444444444444
2022-08-03,225500,226500,222000,224500,28064,-0.6637168141592921
2022-08-04,226000,228500,223000,224000,44897,-0.22271714922048996
2022-08-05,225000,226000,222000,224000,25226,0.0
2022-08-08,222000,224000,216000,217000,76228,-3.125
2022-08-09,217000,218500,209000,211000,83840,-2.7649769585253456
2022-08-10,209500,214500,209000,210500,62569,-0.23696682464454977
2022-08-11,214000,217000,211500,215000,81327,2.137767220902613
2022-08-12,214500,222500,213500,222000,65178,3.255813953488372
2022-08-16,222500,240000,222500,234000,139997,5.405405405405405
2022-08-17,234000,235500,229000,230500,58494,-1.4957264957264957
2022-08-18,229500,232500,228000,230500,38706,0.0
2022-08-19,230500,231500,225500,226000,33167,-1.9522776572668112
2022-08-22,221500,226500,220500,224000,31227,-0.8849557522123894
2022-08-23,223000,226500,221000,224500,41605,0.2232142857142857
2022-08-24,224000,228500,222500,226000,40322,0.6681514476614699
2022-08-25,226000,228500,224000,226500,26122,0.22123893805309736
2022-08-26,227000,229500,224000,224500,30446,-0.8830022075055187
2022-08-29,213500,217000,209500,210000,87951,-6.45879732739421
2022-08-30,211500,213000,210000,212000,47027,0.9523809523809524
2022-08-31,210500,220500,209500,218500,44050,3.0660377358490565
2022-09-01,213500,216500,210500,210500,41753,-3.6613272311212817
2022-09-02,213000,218000,212000,215000,44253,2.137767220902613
2022-09-05,216000,216500,205000,207500,57053,-3.488372093023256
2022-09-06,207500,211500,206000,211000,29702,1.6867469879518073
2022-09-07,208000,211500,207000,208000,31565,-1.4218009478672986
2022-09-08,210500,213000,209500,210500,24941,1.201923076923077
2022-09-13,213500,218500,213500,217500,47023,3.32541567695962
2022-09-14,209500,213000,209000,210000,29111,-3.4482758620689653
2022-09-15,211500,215500,209500,215000,26472,2.380952380952381
2022-09-16,213000,217000,212500,214000,31784,-0.46511627906976744
2022-09-19,214000,215500,199500,200000,73759,-6.5420560747663545
2022-09-20,203000,203500,183000,187000,185843,-6.5
2022-09-21,183000,189000,180000,189000,143659,1.06951871657754
2022-09-22,185500,195500,184000,195500,87926,3.439153439153439
2022-09-23,196000,196500,183500,186500,52498,-4.603580562659847
2022-09-26,184500,184500,177000,178000,58402,-4.557640750670242
2022-09-27,180000,181000,172000,176500,67685,-0.8426966292134831
2022-09-28,173500,176500,169500,172000,73419,-2.5495750708215295
2022-09-29,174000,177000,170500,172500,49487,0.29069767441860467
2022-09-30,171000,171500,167000,170000,58243,-1.4492753623188406
2022-10-04,172500,177000,171500,176000,51330,3.5294117647058822
2022-10-05,180000,183000,178500,181000,63932,2.840909090909091
2022-10-06,181000,185500,180500,184000,26737,1.6574585635359116
2022-10-07,180500,188500,179500,184500,50116,0.2717391304347826
2022-10-11,176000,180000,170500,173000,68072,-6.233062330623306
2022-10-12,171000,174000,168000,174000,37340,0.5780346820809248
2022-10-13,174000,174500,165000,165000,46486,-5.172413793103448
2022-10-14,169500,172000,167000,171000,36977,3.6363636363636362
2022-10-17,168000,173000,166000,171500,24786,0.29239766081871343
2022-10-18,176000,179000,173500,178500,31350,4.081632653061225
2022-10-19,181500,186000,176500,180500,37899,1.1204481792717087
2022-10-20,179000,180000,173000,173500,34177,-3.8781163434903045
2022-10-21,171000,177000,171000,174000,25860,0.2881844380403458
2022-10-24,176500,179500,170500,172000,46072,-1.1494252873563218
2022-10-25,173500,184000,173000,181500,66744,5.523255813953488
2022-10-26,182000,183000,178000,180000,51331,-0.8264462809917356
2022-10-27,183500,190000,182000,188000,59363,4.444444444444445
2022-10-28,188000,188500,183500,184000,40784,-2.127659574468085
2022-10-31,186500,187500,182000,185500,26065,0.8152173913043478
2022-11-01,185500,187000,184000,185500,33497,0.0
2022-11-02,184500,187500,182000,182000,31195,-1.8867924528301887
2022-11-03,177500,184000,177000,181500,25904,-0.27472527472527475
2022-11-04,181000,184000,178500,182000,27174,0.27548209366391185
2022-11-07,183500,190500,182000,190500,47202,4.670329670329671
2022-11-08,191500,193000,185500,187000,42472,-1.837270341207349
2022-11-09,189000,201500,186000,197000,74305,5.347593582887701
2022-11-10,195000,203500,193500,197000,53013,0.0
2022-11-11,205000,218000,204000,215500,142914,9.390862944162437
2022-11-14,212000,214500,200500,202000,118711,-6.2645011600928076
2022-11-15,204000,211500,203000,210000,62379,3.9603960396039604
2022-11-16,211000,216000,209000,209000,63591,-0.4761904761904762
2022-11-17,208000,211000,204000,204000,35343,-2.3923444976076556
2022-11-18,205000,212500,204000,210000,53996,2.941176470588235
2022-11-21,210000,210500,199500,201500,61676,-4.0476190476190474
2022-11-22,202000,202500,197000,199000,28774,-1.240694789081886
2022-11-23,202500,204000,197000,203500,25464,2.261306532663317
2022-11-24,205000,210000,204000,208500,25236,2.457002457002457
2022-11-25,210500,211000,207500,208500,34534,0.0
2022-11-28,206000,208000,201000,205000,29151,-1.6786570743405276
2022-11-29,205000,211500,204000,209500,35221,2.195121951219512
2022-11-30,207000,214000,206500,210000,57998,0.23866348448687352
2022-12-01,213000,214000,208000,211000,77890,0.4761904761904762
2022-12-02,211500,212000,206000,206000,25331,-2.3696682464454977
2022-12-05,206000,208000,203500,207000,22966,0.48543689320388345
2022-12-06,205500,207500,203000,204500,25617,-1.2077294685990339
2022-12-07,201000,204500,200500,203000,29670,-0.7334963325183375
2022-12-08,203500,205000,199500,200500,36040,-1.2315270935960592
2022-12-09,200500,204000,199000,202000,29771,0.7481296758104738
2022-12-12,204000,204500,199500,201000,17622,-0.49504950495049505
2022-12-13,203000,210500,199000,210500,73347,4.72636815920398
2022-12-14,209500,209500,203500,208500,34824,-0.9501187648456058
2022-12-15,208500,209000,200500,201000,34673,-3.597122302158273
2022-12-16,198000,200500,197000,197500,26929,-1.7412935323383085
2022-12-19,197000,198500,194000,194000,17496,-1.7721518987341773
2022-12-20,195000,195000,188500,189000,23227,-2.5773195876288657
2022-12-21,191000,191000,184000,187500,20569,-0.7936507936507936
2022-12-22,188500,197000,184000,196500,32383,4.8
2022-12-23,192000,194500,187500,188500,34615,-4.071246819338422
2022-12-26,190000,193000,186000,191500,25836,1.5915119363395225
2022-12-27,196000,196000,188500,194000,35540,1.3054830287206265
2022-12-28,189500,197500,188500,194500,33524,0.25773195876288657
2022-12-29,191500,193000,185500,185500,19248,-4.627249357326478
2023-01-02,187000,194000,182500,186000,37769,0.2695417789757413
2023-01-03,186500,187500,178000,181000,51286,-2.6881720430107525
2023-01-04,179500,185000,176000,185000,52121,2.209944751381215
2023-01-05,185000,187500,181500,182000,32258,-1.6216216216216217
2023-01-06,178500,186000,178500,185000,47700,1.6483516483516485
2023-01-09,189000,192000,186000,188000,38634,1.6216216216216217
2023-01-10,189000,192000,186500,188500,34956,0.26595744680851063
2023-01-11,189000,198500,189000,196000,89302,3.978779840848806
2023-01-12,197000,202500,192000,198000,44857,1.0204081632653061
2023-01-13,201000,202000,194500,196500,39623,-0.7575757575757576
2023-01-16,196000,200000,194500,198000,24964,0.7633587786259541
2023-01-17,200000,204000,196500,201000,35458,1.5151515151515151
2023-01-18,202500,202500,197500,199000,22165,-0.9950248756218906
2023-01-19,198500,202000,196000,201000,17609,1.0050251256281406
2023-01-20,201000,202500,198000,201000,25199,0.0
2023-01-25,203500,209000,201000,205500,29149,2.2388059701492535
2023-01-26,205500,207000,201000,202500,41726,-1.4598540145985401
2023-01-27,201000,206000,200000,206000,42665,1.728395061728395
2023-01-30,204500,208500,203500,208000,33228,0.9708737864077669
2023-01-31,208500,211500,205500,211000,41536,1.4423076923076923
2023-02-01,209000,211500,207500,209000,41565,-0.9478672985781991
2023-02-02,214500,218000,209000,210000,69266,0.4784688995215311
2023-02-03,209000,210500,207000,209000,31562,-0.4761904761904762
2023-02-06,208000,210500,206000,207000,37850,-0.9569377990430622
2023-02-07,206000,211000,206000,210000,27463,1.4492753623188406
2023-02-08,211500,215000,211500,214000,36384,1.9047619047619049
2023-02-09,214000,218000,211500,216500,68320,1.1682242990654206
2023-02-10,217000,220000,214500,217000,65264,0.23094688221709006
2023-02-13,215500,216500,210000,211500,106488,-2.5345622119815667
2023-02-14,213000,217000,211000,211000,25226,-0.2364066193853428
2023-02-15,212000,216500,208500,210500,40548,-0.23696682464454977
2023-02-16,212500,224000,212500,222000,58452,5.463182897862233
2023-02-17,221500,231500,212500,215000,59312,-3.153153153153153
2023-02-20,215500,219000,210000,216500,43768,0.6976744186046512
2023-02-21,215000,215500,206500,210500,93794,-2.771362586605081
2023-02-22,210000,211500,206000,207500,36939,-1.4251781472684086
2023-02-23,207500,209000,203000,206000,51298,-0.7228915662650602
2023-02-24,205500,208000,198200,199800,69118,-3.0097087378640777
2023-02-27,198000,199800,196100,199400,52187,-0.20020020020020018
2023-02-28,200000,204500,199500,204500,37894,2.5576730190571713
2023-03-02,204500,208500,202500,202500,41226,-0.9779951100244498
2023-03-03,203000,213500,202500,213000,55639,5.185185185185185
2023-03-06,213500,213500,207500,211000,57725,-0.9389671361502347
2023-03-07,212000,217000,210000,211000,64083,0.0
2023-03-08,209500,210000,201500,203000,48325,-3.7914691943127963
2023-03-09,204500,204500,199200,201500,54974,-0.7389162561576355
2023-03-10,199100,202000,196500,198700,33748,-1.3895781637717122
2023-03-13,198700,199700,193100,198600,37606,-0.050327126321087066
2023-03-14,197500,197600,193500,196000,33966,-1.3091641490433032
2023-03-15,198300,199000,190900,195000,28371,-0.5102040816326531
2023-03-16,192800,202000,192400,199500,33217,2.307692307692308
2023-03-17,203500,203500,196700,199800,44820,0.15037593984962408
2023-03-20,199600,205000,199000,200000,29272,0.10010010010010009
2023-03-21,201000,203000,198900,199100,17262,-0.44999999999999996
2023-03-22,200500,200500,195400,196700,37470,-1.2054244098442994
2023-03-23,195300,196300,192600,192900,49730,-1.9318759532282663
2023-03-24,193300,198000,193300,195700,59827,1.4515292897874545
2023-03-27,197400,199100,194500,195500,22125,-0.1021972406745018
2023-03-28,195500,200000,193100,199700,41680,2.1483375959079285
2023-03-29,200000,212000,200000,211000,86450,5.658487731597396
2023-03-30,215000,237500,214000,235000,230033,11.374407582938389
2023-03-31,235000,239500,230000,239500,98613,1.9148936170212765
2023-04-03,239500,239500,226000,231500,96137,-3.3402922755741122
2023-04-04,232000,234500,219500,223000,98757,-3.6717062634989204
2023-04-05,222000,228000,220500,224500,48318,0.672645739910314
2023-04-06,221000,223000,216000,217500,52405,-3.11804008908686
2023-04-07,222500,253000,220500,247000,239742,13.563218390804598
2023-04-10,251000,251500,242500,245500,105286,-0.6072874493927125
2023-04-11,248500,256000,244000,250000,114747,1.8329938900203666
2023-04-12,255000,256000,240500,243000,77253,-2.8000000000000003
2023-04-13,238500,243000,233500,238000,76928,-2.05761316872428
2023-04-14,241500,242000,234000,236500,51465,-0.6302521008403361
2023-04-17,238000,240500,232000,236500,38530,0.0
2023-04-18,236500,237500,229000,233500,52420,-1.2684989429175475
2023-04-19,233000,235000,226500,229500,88295,-1.7130620985010707
2023-04-20,228000,228500,221000,223000,58398,-2.832244008714597
2023-04-21,222500,228000,221500,224000,50933,0.4484304932735426
2023-04-24,223500,225500,218000,220500,31223,-1.5625
2023-04-25,221000,222000,209000,211000,66759,-4.308390022675737
2023-04-26,209000,215000,208000,211000,36154,0.0
2023-04-27,210500,218000,208000,212000,71023,0.47393364928909953
2023-04-28,214500,225000,214000,222000,96171,4.716981132075472
2023-05-02,219500,220500,211000,218500,63665,-1.5765765765765765
2023-05-03,216000,225000,211000,222000,50531,1.6018306636155606
2023-05-04,220500,223500,218000,221500,26535,-0.22522522522522523
2023-05-08,224000,224500,220000,223000,34087,0.6772009029345373
2023-05-09,222500,222500,214000,217500,53119,-2.4663677130044843
2023-05-10,216500,218000,213000,214000,25539,-1.6091954022988506
2023-05-11,214500,215500,209000,209000,44125,-2.336448598130841
2023-05-12,208000,210500,205500,209500,37180,0.23923444976076555
2023-05-15,206500,207000,201500,206500,48466,-1.431980906921241
2023-05-16,207000,217500,207000,214500,51225,3.87409200968523
2023-05-17,212000,215500,206500,208000,63388,-3.0303030303030303
2023-05-18,209000,217000,207500,215500,78254,3.6057692307692304
2023-05-19,217500,230000,216000,227000,187582,5.336426914153132
2023-05-22,227000,233500,226500,227500,62499,0.22026431718061676
2023-05-23,229000,231000,224500,227500,47423,0.0
2023-05-24,227500,233500,224000,231500,61372,1.7582417582417582
2023-05-25,235000,237000,226000,227000,63404,-1.9438444924406046
2023-05-26,228000,232000,221500,223500,101288,-1.5418502202643172
2023-05-30,227000,239000,225000,236000,110487,5.592841163310962
2023-05-31,231500,234000,229500,231500,61428,-1.9067796610169492
2023-06-01,229500,233500,229000,230000,47880,-0.6479481641468683
2023-06-02,233500,239500,232000,237500,50012,3.260869565217391
2023-06-05,238000,238500,231000,234500,49121,-1.263157894736842
2023-06-07,236500,237000,231000,232500,36000,-0.8528784648187633
2023-06-08,232500,236500,230500,234500,41896,0.8602150537634409
2023-06-09,236500,238000,229500,231500,88145,-1.279317697228145
2023-06-12,233000,235500,230500,232500,45218,0.4319654427645789
2023-06-13,236000,242500,234000,235500,66763,1.2903225806451613
2023-06-14,236500,237000,230500,232000,47471,-1.48619957537155
2023-06-15,232000,233500,225500,231000,85754,-0.43103448275862066
2023-06-16,231500,232000,226500,228500,60997,-1.0822510822510822
2023-06-19,228500,228500,223000,227500,50631,-0.437636761487965
2023-06-20,227500,234500,224000,233500,55719,2.6373626373626373
2023-06-21,233500,233500,224500,227500,72685,-2.569593147751606
2023-06-22,226000,234000,225000,227500,47419,0.0
2023-06-23,227500,230000,225000,228500,34371,0.43956043956043955
2023-06-26,227000,231500,225000,229000,33240,0.2188183807439825
2023-06-27,229000,232500,227000,232000,32719,1.3100436681222707
2023-06-28,233500,234000,226500,230500,44552,-0.646551724137931
2023-06-29,232000,239000,230500,232000,56538,0.6507592190889371
2023-06-30,233000,243000,229000,240000,90705,3.4482758620689653
2023-07-03,240000,243000,236500,241000,66421,0.4166666666666667
2023-07-04,241000,245000,238500,240000,47733,-0.4149377593360996
2023-07-05,239000,241000,235000,236000,38698,-1.6666666666666667
2023-07-06,234000,234000,212000,217000,204478,-8.050847457627118
2023-07-07,216000,216000,200000,206500,220592,-4.838709677419355
2023-07-10,206500,212000,205000,209500,52855,1.4527845036319613
2023-07-11,210000,213500,208500,211500,45890,0.9546539379474941
2023-07-12,213000,220500,213000,219500,67110,3.7825059101654848
2023-07-13,222500,222500,214500,217500,71959,-0.9111617312072893
2023-07-14,220000,221500,213500,214500,81173,-1.3793103448275863
2023-07-17,214000,218000,211500,216000,64708,0.6993006993006993
2023-07-18,218500,219000,213000,216000,56514,0.0
2023-07-19,218500,218500,209000,212500,57983,-1.6203703703703702
2023-07-20,210500,214500,209000,212500,45896,0.0
2023-07-21,209500,210000,204000,205500,95879,-3.294117647058824
2023-07-24,205500,208000,202500,208000,54674,1.2165450121654502
2023-07-25,208500,208500,200500,204500,82100,-1.6826923076923077
2023-07-26,202500,205500,197200,197200,105132,-3.5696821515892423
2023-07-27,198500,199000,191900,196500,148706,-0.35496957403651114
2023-07-28,195000,196400,191400,193300,107303,-1.6284987277353689
2023-07-31,195000,199000,194600,196000,79144,1.396792550439731
2023-08-01,196100,204000,194900,203500,102376,3.826530612244898
2023-08-02,201000,205000,199200,199900,54763,-1.7690417690417692
2023-08-03,199500,200500,195100,196800,57236,-1.5507753876938468
2023-08-04,196200,196700,190400,192000,77983,-2.4390243902439024
2023-08-07,190400,191400,188300,188300,60812,-1.9270833333333335
2023-08-08,190000,192800,186400,187800,37609,-0.2655337227827934
2023-08-09,187700,189600,185800,188800,37114,0.5324813631522897
2023-08-10,187000,188800,181100,183200,126541,-2.9661016949152543
2023-08-11,183200,186600,182000,183000,69050,-0.10917030567685589
2023-08-14,182900,186700,178300,184500,87753,0.819672131147541
2023-08-16,183500,183500,177000,178000,73823,-3.523035230352303
2023-08-17,178400,179200,174700,178900,51269,0.5056179775280899
2023-08-18,176000,181900,174200,176900,47952,-1.1179429849077696
2023-08-21,178200,178900,173300,175000,54499,-1.0740531373657434
2023-08-22,177100,180400,171600,173400,64978,-0.9142857142857144
2023-08-23,172200,173700,168700,169500,77288,-2.249134948096886
2023-08-24,171000,174200,164800,168300,177899,-0.7079646017699115
2023-08-25,166600,168800,165400,167500,46692,-0.4753416518122401
2023-08-28,169400,170000,167100,168600,33641,0.6567164179104478
2023-08-29,168800,170000,167700,168600,28770,0.0
2023-08-30,170800,172100,167500,168100,53032,-0.29655990510083036
2023-08-31,168300,168500,160900,161500,154891,-3.9262343842950624
2023-09-01,161700,166800,161600,166400,143873,3.0340557275541795
2023-09-04,168700,173700,168600,170600,130162,2.5240384615384617
2023-09-05,171000,172000,168200,170900,52063,0.1758499413833529
2023-09-06,169200,170500,167500,168600,68197,-1.3458162668227034
2023-09-07,167400,170000,166300,169400,58028,0.4744958481613286
2023-09-08,169000,169000,166400,168400,46324,-0.5903187721369539
2023-09-11,168400,168400,163400,165500,52703,-1.72209026128266
2023-09-12,166000,166700,163800,165000,42005,-0.3021148036253776
2023-09-13,164000,165900,162000,163100,59609,-1.1515151515151514
2023-09-14,164500,181500,164300,180000,252655,10.361741263028817
2023-09-15,182000,186500,180100,181800,152157,1.0
2023-09-18,179600,180900,174100,175600,77318,-3.4103410341034106
2023-09-19,176600,181000,175600,177400,55948,1.0250569476082005
2023-09-20,177500,177700,172400,175000,58284,-1.3528748590755355
2023-09-21,173400,175000,166300,167300,86071,-4.3999999999999995
2023-09-22,165500,167500,162500,166800,66459,-0.2988643156007173
2023-09-25,168000,170800,166300,168200,30224,0.8393285371702638
2023-09-26,167300,170000,164100,167400,36756,-0.47562425683709864
2023-09-27,164900,168300,164800,167800,36520,0.23894862604540024
2023-10-04,167000,167000,162600,164500,58371,-1.9666269368295588
2023-10-05,165300,168000,161600,167100,58276,1.5805471124620063
2023-10-06,166000,167500,163600,165500,39076,-0.9575104727707959
2023-10-10,168400,170000,163400,164200,45363,-0.785498489425982
2023-10-11,168100,173300,167800,171500,107326,4.445797807551767
2023-10-12,173000,173300,170100,171600,52660,0.05830903790087463
2023-10-13,170200,173000,168000,168700,49544,-1.68997668997669
2023-10-16,168500,169100,161000,164000,95810,-2.7860106698280975
2023-10-17,165300,171000,164400,168500,63131,2.7439024390243905
2023-10-18,168600,170900,166600,167600,66700,-0.5341246290801187
2023-10-19,165400,166000,160400,162000,61061,-3.341288782816229
2023-10-20,159100,161500,144000,152500,207377,-5.864197530864197
2023-10-23,152000,154800,151000,152700,47539,0.13114754098360656
2023-10-24,153900,156800,149500,156200,61329,2.2920759659463
2023-10-25,156400,156600,153600,154600,48312,-1.0243277848911652
2023-10-26,152000,152600,145600,148200,61097,-4.139715394566624
2023-10-27,149400,151300,147500,148900,31499,0.47233468286099867
2023-10-30,147100,152700,147100,151600,36842,1.8132975151108126
2023-10-31,153400,153400,148800,150200,35182,-0.9234828496042217
2023-11-01,150500,153600,150500,151000,35450,0.5326231691078562
2023-11-02,154800,159400,154000,158500,60333,4.966887417218543
2023-11-03,161000,162300,158600,160100,48777,1.0094637223974765
2023-11-06,163600,170800,163200,170100,79280,6.2460961898813245
2023-11-07,168400,170800,164100,167700,44327,-1.4109347442680775
2023-11-08,170000,170800,164800,165500,31022,-1.311866428145498
2023-11-09,165000,169500,165000,167300,35145,1.0876132930513596
2023-11-10,165700,170000,164200,168800,35000,0.8965929468021518
2023-11-13,174900,182500,170500,176700,182934,4.680094786729858
2023-11-14,179500,182600,177400,180400,96069,2.0939445387662703
2023-11-15,183000,185300,179300,180600,64062,0.11086474501108648
2023-11-16,179800,183500,177900,181700,35193,0.6090808416389812
2023-11-17,181000,186400,178100,182600,45056,0.49532195927352773
2023-11-20,182600,183600,179500,180100,36495,-1.3691128148959473
2023-11-21,182800,188400,180700,183400,87622,1.8323153803442533
2023-11-22,181700,187900,181700,186900,54171,1.9083969465648856
2023-11-23,186800,187900,183700,183900,53002,-1.6051364365971106
2023-11-24,183400,186000,183400,184300,32756,0.2175095160413268
2023-11-27,184100,184200,178900,181300,59409,-1.6277807921866523
2023-11-28,183100,183900,181600,182600,53727,0.7170435741864313
2023-11-29,180200,187800,180200,187100,67918,2.4644030668127055
2023-11-30,188700,201000,188500,201000,179728,7.429182255478353
2023-12-01,200500,205000,196900,202000,86848,0.4975124378109453
2023-12-04,205000,205000,199800,204000,63110,0.9900990099009901
2023-12-05,201500,206000,200500,201000,64730,-1.4705882352941175
2023-12-06,204000,209500,196600,209000,92948,3.9800995024875623
2023-12-07,208000,211000,201000,207500,61027,-0.7177033492822966
2023-12-08,209500,213000,207500,208500,52561,0.48192771084337355
2023-12-11,211500,213500,205000,212500,61235,1.9184652278177456
2023-12-12,215500,218000,209000,209000,62800,-1.647058823529412
2023-12-13,208500,213500,206500,210000,43324,0.4784688995215311
2023-12-14,215000,216500,211000,212500,54166,1.1904761904761905
2023-12-15,212000,216500,205000,213500,93409,0.4705882352941176
2023-12-18,212500,216000,212500,216000,32731,1.1709601873536302
2023-12-19,214000,218500,212500,217000,33506,0.4629629629629629
2023-12-20,219000,220000,216500,220000,35373,1.3824884792626728
2023-12-21,219500,227500,218500,224000,50439,1.8181818181818181
2023-12-22,227000,227000,221000,223500,31998,-0.2232142857142857
2023-12-26,225500,225500,218000,220500,31471,-1.342281879194631
2023-12-27,219000,233000,219000,228000,64808,3.4013605442176873
2023-12-28,229500,230500,225000,227000,41276,-0.43859649122807015
2024-01-02,224000,238000,221500,231500,80325,1.9823788546255507
2024-01-03,227000,229000,217000,219500,81097,-5.183585313174946
2024-01-04,216000,219000,213000,215500,37764,-1.8223234624145785
2024-01-05,215500,217500,211500,213500,32072,-0.9280742459396751
2024-01-08,212500,215500,210500,214000,26361,0.234192037470726
2024-01-09,220000,223000,212500,215000,45848,0.46728971962616817
2024-01-10,216000,216000,207500,211000,81694,-1.8604651162790697
2024-01-11,210000,214000,208500,211500,46526,0.23696682464454977
2024-01-12,214500,214500,209500,212000,29011,0.2364066193853428
2024-01-15,212500,217500,210500,215500,48025,1.650943396226415
2024-01-16,213500,216000,211000,214000,24887,-0.6960556844547563
2024-01-17,216000,218000,208000,211500,54767,-1.1682242990654206
2024-01-18,211500,213000,206500,209000,49679,-1.1820330969267139
2024-01-19,211500,218500,211500,217000,59146,3.827751196172249
2024-01-22,221000,221500,212000,213000,66979,-1.8433179723502304
2024-01-23,213000,214500,204500,207000,53640,-2.8169014084507045
2024-01-24,207000,208500,202500,204000,38299,-1.4492753623188406
2024-01-25,205000,214500,203500,212500,55977,4.166666666666666
2024-01-26,210500,215000,207000,211000,35717,-0.7058823529411765
2024-01-29,212000,213000,205500,207000,31963,-1.8957345971563981
2024-01-30,207500,212000,201000,211000,63874,1.932367149758454
2024-01-31,206000,210500,198500,200000,93093,-5.213270142180095
2024-02-01,197800,198300,189500,190600,123087,-4.7
2024-02-02,190600,196800,189500,191500,101253,0.472193074501574
2024-02-05,191500,191600,185600,188000,64479,-1.8276762402088773
2024-02-06,186200,188900,183700,188000,66446,0.0
2024-02-07,189000,189700,185300,187100,45968,-0.4787234042553191
2024-02-08,187100,187900,184200,186400,70165,-0.3741314804917157
2024-02-13,186400,187200,182500,183200,97610,-1.7167381974248928
2024-02-14,180700,186500,177200,184900,72767,0.9279475982532752
2024-02-15,186300,187300,181100,182100,54324,-1.5143320713899404
2024-02-16,183300,184100,177100,178400,118939,-2.0318506315211424
2024-02-19,178400,179000,176100,177900,86987,-0.2802690582959641
2024-02-20,176900,177100,174700,176500,64495,-0.7869589657110737
2024-02-21,174300,176000,173800,175400,82623,-0.623229461756374
2024-02-22,177300,180300,175300,176700,92764,0.7411630558722919
2024-02-23,177700,178600,175300,177000,65650,0.1697792869269949
2024-02-26,177000,178300,173000,173000,56716,-2.2598870056497176
2024-02-27,172900,174300,169200,169300,51968,-2.138728323699422
2024-02-28,169300,173400,168600,169400,81352,0.05906674542232723
2024-02-29,169000,171200,166400,170300,88625,0.5312868949232585
2024-03-04,172700,182000,172600,179100,191087,5.167351732237228
2024-03-05,179100,188900,178500,187000,151165,4.410943606923507
2024-03-06,186500,193700,183300,190700,121400,1.9786096256684493
2024-03-07,195300,196200,187600,189800,80536,-0.47194546407970633
2024-03-08,192800,192800,185000,187900,62060,-1.0010537407797682
2024-03-11,185700,187900,180700,181700,77599,-3.2996274614156467
2024-03-12,181700,186300,180200,186000,57850,2.3665382498624106
2024-03-13,187900,192000,187200,191500,133384,2.956989247311828
2024-03-14,191500,191500,187000,188700,65324,-1.4621409921671018
2024-03-15,186800,186800,181500,183700,43356,-2.6497085320614735
2024-03-18,184800,191300,183700,187900,42289,2.286336418072945
2024-03-19,188400,188400,183700,185100,43225,-1.4901543374135178
2024-03-20,184400,204000,182500,200000,181256,8.049702863317126
2024-03-21,205000,214000,203500,210500,190896,5.25
2024-03-22,211000,211000,201000,201000,80285,-4.513064133016627
2024-03-25,202000,207000,201500,201500,33852,0.24875621890547264
2024-03-26,204500,205500,197500,199000,72893,-1.240694789081886
2024-03-27,197000,201500,196100,200500,63394,0.7537688442211055
2024-03-28,199000,204000,196800,200500,94511,0.0
2024-03-29,200000,210000,198300,204500,111479,1.99501246882793
2024-04-01,207500,209000,200000,202500,64744,-0.9779951100244498
2024-04-02,204500,212000,203000,207000,135078,2.2222222222222223
2024-04-03,204500,212000,204000,209500,141220,1.2077294685990339
2024-04-04,213500,213500,204500,207500,89970,-0.9546539379474941
2024-04-05,203500,209500,202500,206500,64697,-0.48192771084337355
2024-04-08,205500,206000,198000,198500,61444,-3.87409200968523
2024-04-09,199100,199600,192700,195800,51353,-1.3602015113350125
2024-04-11,193300,197200,192400,194300,50113,-0.7660878447395302
2024-04-12,194500,196000,190100,191500,69003,-1.4410705095213587
2024-04-15,188000,189000,183800,188000,97890,-1.8276762402088773
2024-04-16,186000,189000,184500,185100,54346,-1.5425531914893618
2024-04-17,186300,193000,186000,188000,57683,1.5667206915180982
2024-04-18,189600,193100,189200,191000,37368,1.5957446808510638
2024-04-19,188800,188800,181000,185700,60151,-2.774869109947644
2024-04-22,187600,194500,186500,190300,45815,2.4771136241249323
2024-04-23,193200,193200,186500,187100,43337,-1.6815554387808722
2024-04-24,190700,193500,189200,190800,61812,1.977552111170497
2024-04-25,189000,193900,189000,189500,33877,-0.6813417190775681
2024-04-26,190200,194800,190100,192300,44172,1.4775725593667546
2024-04-29,192300,194000,189600,193900,44442,0.8320332813312533
2024-04-30,193900,196900,192900,193800,31680,-0.0515729757607014
2024-05-02,191200,192200,186500,190500,62760,-1.7027863777089782
2024-05-03,192000,193500,189700,190000,26723,-0.26246719160104987
2024-05-07,192400,194200,191200,193400,47414,1.789473684210526
2024-05-08,193900,197100,191600,196000,79720,1.344364012409514
2024-05-09,197200,197600,193400,193700,47182,-1.1734693877551021
2024-05-10,194900,195000,186100,186500,98055,-3.71708828084667
2024-05-13,186100,188000,183100,186000,39868,-0.2680965147453083
2024-05-14,186300,186700,183000,185000,80043,-0.5376344086021506
2024-05-16,189400,189900,185000,185100,47514,0.05405405405405406
2024-05-17,184100,185900,182300,182700,49597,-1.2965964343598055
2024-05-20,183900,184500,176200,179300,109640,-1.8609742747673783
2024-05-21,178000,180100,174800,175700,71487,-2.007808142777468
2024-05-22,175700,177300,173500,176000,76736,0.1707455890722823
2024-05-23,176200,183000,174900,179000,55969,1.7045454545454544
2024-05-24,177300,177400,173500,173900,64125,-2.8491620111731844
2024-05-27,175000,179300,173800,177300,33971,1.9551466359976999
2024-05-28,177400,186400,176100,181800,75996,2.5380710659898478
2024-05-29,181700,184000,176600,177100,39712,-2.585258525852585
2024-05-30,178200,184700,175300,181100,55349,2.258610954263128
2024-05-31,185700,190300,185400,189500,92364,4.638321369409166
2024-06-03,189300,189900,181800,183000,70973,-3.430079155672823
2024-06-04,181500,186200,181000,182200,43994,-0.4371584699453552
2024-06-05,185000,185300,180700,181100,43793,-0.6037321624588364
2024-06-07,181700,188300,181500,187900,56320,3.7548315847598013
2024-06-10,186100,189000,185000,186800,30749,-0.5854177754124534
2024-06-11,187000,188800,181600,182200,64363,-2.462526766595289
2024-06-12,182200,182200,174900,176000,104408,-3.4028540065861685
2024-06-13,179800,181400,176000,176000,72680,0.0
2024-06-14,176000,178900,173500,174500,82821,-0.8522727272727272
2024-06-17,174500,177600,173100,175700,40298,0.6876790830945558
2024-06-18,177600,188400,177000,185800,136419,5.748434832100171
2024-06-19,186800,188100,184200,185900,59214,0.05382131324004305
2024-06-20,185600,187700,183800,186600,41844,0.37654653039268426
2024-06-21,186200,187400,183000,185900,82004,-0.37513397642015006
2024-06-24,185000,187600,182700,182700,43572,-1.7213555675094134
2024-06-25,182700,184200,176000,177100,62944,-3.065134099616858
2024-06-26,177200,181600,176700,181200,28179,2.3150762281197066
2024-06-27,180100,180100,175200,177500,45794,-2.041942604856512
2024-06-28,178300,184100,176400,182700,46199,2.9295774647887325
2024-07-01,181000,186200,180500,183700,28104,0.5473453749315819
2024-07-02,181900,183700,174600,175000,76477,-4.735982580293958
2024-07-03,176500,179000,173100,174000,46507,-0.5714285714285714
2024-07-04,176600,188000,175500,187900,104858,7.988505747126437
2024-07-05,189500,194200,185300,187900,87427,0.0
2024-07-08,191000,191000,184400,185900,71871,-1.06439595529537
2024-07-09,187700,189700,182100,184100,51231,-0.9682625067240451
2024-07-10,182400,184000,179200,180000,49159,-2.2270505160239003
2024-07-11,181800,185700,179100,184600,45604,2.555555555555556
2024-07-12,181800,185500,181800,185500,39993,0.4875406283856988
2024-07-15,187000,187000,182200,185300,21384,-0.1078167115902965
2024-07-16,185200,186200,180000,181900,32841,-1.834862385321101
2024-07-17,182500,183000,177500,178300,52761,-1.9791094007696537
2024-07-18,175500,178600,172100,178200,72224,-0.056085249579360626
2024-07-19,174600,181300,174600,181000,27833,1.5712682379349048
2024-07-22,181000,181000,174900,176100,37860,-2.707182320441989
2024-07-23,176500,178400,174800,174900,22029,-0.6814310051107325
2024-07-24,173200,177000,170800,172400,43957,-1.429388221841052
2024-07-25,169000,170500,163600,163700,79182,-5.046403712296984
2024-07-26,163500,164900,158700,163200,63651,-0.3054367745876604
2024-07-29,164500,164600,160200,161400,41610,-1.1029411764705883
2024-07-30,159800,162800,158100,159000,47456,-1.486988847583643
2024-07-31,159000,163400,156400,162700,71721,2.3270440251572326
2024-08-01,164700,165600,161600,164500,34445,1.1063306699446833
2024-08-02,159800,161000,152400,153700,66189,-6.565349544072949
2024-08-05,150500,151000,132300,138900,96276,-9.62914769030579
2024-08-06,141400,154700,141000,152000,96246,9.431245500359971
2024-08-07,150100,154500,148400,151300,47265,-0.4605263157894736
2024-08-08,148200,150200,143800,146000,63995,-3.502974223397224
2024-08-09,149600,153400,149600,152000,42905,4.10958904109589
2024-08-12,152000,158000,151900,156500,31340,2.9605263157894735
2024-08-13,156500,159100,155000,157400,26349,0.5750798722044729
2024-08-14,157400,159600,150200,151800,85679,-3.5578144853875475
2024-08-16,154000,154700,146500,149400,114347,-1.5810276679841897
2024-08-19,150200,150200,146300,146900,37957,-1.6733601070950468
2024-08-20,148300,151900,147200,151700,29348,3.2675289312457454
2024-08-21,152000,152600,148800,149800,45015,-1.2524719841793013
2024-08-22,150100,150900,145400,147400,59372,-1.602136181575434
2024-08-23,146700,152000,144000,147600,68256,0.13568521031207598
2024-08-26,148300,148700,142600,145000,49001,-1.7615176151761516
2024-08-27,143900,144000,141400,142100,78551,-2.0
2024-08-28,141500,142300,137500,141800,128967,-0.211118930330753
2024-08-29,139300,139700,137500,139500,58192,-1.622002820874471
2024-08-30,140200,144200,139500,144200,67562,3.369175627240143
2024-09-02,144200,144200,140500,141000,56514,-2.219140083217753
2024-09-03,141100,141600,139100,139300,43580,-1.2056737588652482
2024-09-04,134100,136500,133100,135600,73449,-2.656137832017229
2024-09-05,135600,136400,130000,131000,89630,-3.392330383480826
2024-09-06,131000,131000,127700,128900,48845,-1.6030534351145038
2024-09-09,124700,126600,122600,125500,56863,-2.6377036462373935
2024-09-10,125200,126400,122300,122500,58261,-2.3904382470119523
2024-09-11,122500,123200,120900,121900,79636,-0.4897959183673469
2024-09-12,124100,125900,122600,124800,117179,2.3789991796554553
2024-09-13,124000,125500,122100,122500,42377,-1.842948717948718
2024-09-19,123200,123200,116400,119100,96297,-2.7755102040816326
2024-09-20,120400,122500,116200,116300,125405,-2.3509655751469354
2024-09-23,116400,123900,116300,121700,84228,4.643164230438521
2024-09-24,121700,124300,120300,124300,71735,2.1364009860312243
2024-09-25,126100,130800,124700,126700,109892,1.9308125502815767
2024-09-26,129400,135500,129200,135500,117336,6.945540647198106
2024-09-27,135500,138000,134000,135800,64430,0.22140221402214022
2024-09-30,137300,137900,133000,134400,61417,-1.0309278350515463
2024-10-02,132900,135900,131500,133500,73065,-0.6696428571428571
2024-10-04,134000,135300,132600,134100,45500,0.44943820224719105
2024-10-07,133000,138000,132900,136400,32367,1.715137956748695
2024-10-08,136400,136400,132000,132700,50204,-2.7126099706744866
2024-10-10,134000,134800,131700,131900,64270,-0.6028636021100227
2024-10-11,131700,133300,128100,129300,59012,-1.9711902956785443
2024-10-14,128300,130000,126600,127900,54507,-1.082753286929621
2024-10-15,128500,129800,125000,125800,41381,-1.6419077404222049
2024-10-16,125000,125100,121500,121500,61677,-3.418124006359301
2024-10-17,121500,128600,121500,125800,53324,3.539094650205761
2024-10-18,127000,131800,125400,126600,50427,0.6359300476947536
2024-10-21,126800,130700,125800,129100,34798,1.9747235387045814
2024-10-22,128500,128700,125900,126400,46097,-2.0914020139426803
2024-10-23,126400,129000,124800,128100,60727,1.3449367088607596
2024-10-24,128100,128100,124000,124400,38612,-2.888368462138954
2024-10-25,124000,124600,118600,119300,75410,-4.09967845659164
2024-10-28,118600,125500,118600,125000,52561,4.777870913663034
2024-10-29,124600,125400,121000,122800,38808,-1.76
2024-10-30,121900,123900,121000,122500,29118,-0.24429967426710095
2024-10-31,122400,126500,119800,126500,48357,3.2653061224489797
2024-11-01,124500,126400,122000,122400,41441,-3.241106719367589
2024-11-04,122000,126400,120900,125700,61779,2.696078431372549
2024-11-05,123700,127500,123200,126500,23193,0.6364359586316627
2024-11-06,126500,128400,123100,124100,34994,-1.8972332015810278
2024-11-07,122200,123400,116600,119400,59823,-3.7872683319903304
2024-11-08,120600,123500,120400,121000,36202,1.340033500837521
2024-11-11,120900,120900,114300,114900,48638,-5.041322314049586
2024-11-12,112700,113700,109800,111500,75628,-2.959094865100087
2024-11-13,108200,112000,108200,110300,212110,-1.0762331838565022
2024-11-14,110300,112100,103000,104300,115953,-5.439709882139619
2024-11-15,102800,103700,98800,102100,147223,-2.109300095877277
2024-11-18,100000,107400,99900,106500,84430,4.3095004897159646
2024-11-19,104600,108300,103000,107100,43948,0.5633802816901409
2024-11-20,105500,109200,105300,107500,31806,0.3734827264239029
2024-11-21,107400,107800,103300,103500,80390,-3.7209302325581395
2024-11-22,104100,108400,103000,105900,55972,2.318840579710145
2024-11-25,106900,107900,106200,106500,54867,0.56657223796034
2024-11-26,105500,107200,105100,106300,34997,-0.18779342723004694
2024-11-27,105300,107000,102500,102500,44103,-3.574788334901223
2024-11-28,103500,104300,100500,101500,45328,-0.975609756097561
2024-11-29,102500,102500,98000,99900,56993,-1.5763546798029555
2024-12-02,100700,101500,96400,97400,62494,-2.5025025025025025
2024-12-03,97300,101400,97300,101000,61458,3.696098562628337
2024-12-04,98900,101100,97800,100300,48689,-0.6930693069306931
2024-12-05,99300,102200,99000,99500,40775,-0.7976071784646062
2024-12-06,98700,100300,93900,97500,65273,-2.0100502512562812
2024-12-09,96500,96500,89900,89900,90295,-7.794871794871796
2024-12-10,91200,98000,91000,97400,76325,8.342602892102335
2024-12-11,97000,104200,96300,103500,66014,6.262833675564681
2024-12-12,105000,105000,99200,100900,60799,-2.5120772946859904
2024-12-13,100300,102100,99200,100200,51558,-0.6937561942517344
2024-12-16,100300,104000,99900,101400,55274,1.1976047904191618
2024-12-17,101700,103500,99100,101800,67116,0.39447731755424065
2024-12-18,102800,103600,99500,101200,35482,-0.5893909626719057
2024-12-19,99000,102000,97400,100300,50687,-0.8893280632411068
2024-12-20,99300,100900,96000,97900,60460,-2.3928215353938187
2024-12-23,98400,100600,98000,99400,20094,1.5321756894790604
2024-12-24,100600,100900,98300,98800,17221,-0.6036217303822937
2024-12-26,98900,98900,96000,97400,29167,-1.417004048582996
2024-12-27,96900,100500,95600,96300,34696,-1.1293634496919918
2024-12-30,96300,98700,95600,97000,20724,0.726895119418484
2025-01-02,97200,97300,93300,94000,47774,-3.0927835051546393
2025-01-03,93400,103500,93400,102500,58535,9.042553191489363
2025-01-06,102600,104400,101300,103300,40772,0.7804878048780488
2025-01-07,103300,107100,103300,104600,60812,1.2584704743465636
2025-01-08,103500,107400,103100,106700,37153,2.0076481835564053
2025-01-09,106100,106700,102300,103200,59234,-3.280224929709466
2025-01-10,103000,104400,101800,102600,40160,-0.5813953488372093
2025-01-13,101600,103200,100800,101500,34316,-1.0721247563352825
2025-01-14,103100,103100,99900,101700,37155,0.19704433497536944
2025-01-15,103000,104600,99100,99300,43183,-2.359882005899705
2025-01-16,100300,101600,98700,99000,49081,-0.3021148036253776
2025-01-17,98800,101400,98700,99400,40369,0.40404040404040403
2025-01-20,100000,102700,99400,101500,46373,2.112676056338028
2025-01-21,102000,102800,97400,99000,39071,-2.4630541871921183
2025-01-22,100400,100400,97100,99000,28218,0.0
2025-01-23,99900,99900,95300,96500,52915,-2.525252525252525
2025-01-24,98400,98500,95600,96000,35880,-0.5181347150259068
2025-01-31,96900,97100,92200,92700,48005,-3.4375000000000004
